55.8699820622 0.266760932764 1.75936784809 13.2313106946 
51.371541502 0.256519605998 1.6709643014 14.2806951503 
52.8387462236 0.277840823263 1.31980110775 13.5667170191 
56.5723696593 0.280331011983 1.53020264759 12.9490808708 
48.2986972316 0.316106664161 1.53519979957 14.0464862834 
55.5814243028 0.255616160359 1.85245268924 13.5559138446 
51.2672069825 0.335514650873 1.72938279302 13.8140336658 
58.6603820858 0.293222737238 1.53968055121 14.4164171625 
50.3602262017 0.22914979579 1.72490732014 13.1406597549 
55.1005291005 0.233448801743 1.61157173981 12.7961469032 
59.5340504034 0.323551122506 1.73258708023 12.7632105559 
54.3397845422 0.316411123638 1.88655893774 12.7520042591 
54.4113656168 0.279366612723 1.28040582597 14.3147454251 
58.4749686324 0.282044102886 2.09499372647 13.0285570891 
56.9117151942 0.29279337864 1.91493858719 14.4682212108 
50.7565387282 0.253193609378 1.77534505578 12.7486670448 
49.9579099235 0.295544912809 1.39532053695 13.8420838038 
48.9843287809 0.278188621059 1.65556045063 13.5875385487 
47.7610414053 0.283886888331 1.66391468005 14.4695483061 
49.3737373737 0.337253278123 2.00936696154 14.4291047117 
59.2250015634 0.324173847789 1.60665999625 15.76606216 
54.7459134465 0.28548299618 1.51829398134 14.2327988977 
58.1888284726 0.212065179013 1.73804816044 10.9012357884 
58.6998737374 0.256166477273 1.40903409091 12.9030050505 
51.2197657669 0.265753178431 1.75525771905 13.8017473539 
55.3325373885 0.264842151565 1.78299610406 12.6782267186 
53.636825596 0.253744730238 1.59752823087 12.2697427854 
50.0942569049 0.271361620843 1.43724556899 15.0300995804 
57.1156748732 0.310385438575 1.7604416677 13.3855499196 
50.2519853775 0.248758414219 1.72881003404 13.6831778646 
