67.1725985844 0.288119464105 1.75479271992 14.0561880688 
70.3894604135 0.301157085224 2.07668179526 12.6509480585 
70.6317388003 0.330706555302 1.77462414579 12.9571095925 
54.9579399142 0.316555718253 1.69641504671 14.2056652361 
69.4073533115 0.303955225384 1.54170737849 13.1731956686 
59.9532676349 0.300826192946 1.53479771784 11.1362396266 
53.4210552891 0.266751628377 1.64358495329 12.8822368089 
75.5056402439 0.315222256098 1.75030487805 13.6579014228 
73.0377148635 0.339822244692 1.66445904954 14.4587360971 
65.3481481481 0.295857007007 1.46732732733 12.4334384384 
63.8096458176 0.345877066064 1.73840743532 13.8368450138 
71.661954052 0.311860388791 1.365993436 13.1732239334 
74.4156723964 0.286147017189 1.64390798787 11.7350707786 
64.6821031345 0.296604752275 1.72683013145 14.948437816 
66.3777722027 0.262347516307 1.51353236327 14.0414450577 
69.8184878171 0.3063146948 1.59596583773 14.2111931675 
72.9967180005 0.25560439283 1.40909871245 12.3122595304 
74.5047907211 0.299212960161 1.88178517398 13.2977105396 
71.4866447867 0.283143549609 1.5050340823 14.1019338551 
70.5242561775 0.270970045386 1.72762985376 12.3674029249 
64.3276229093 0.328452914344 1.94014191586 14.4410035479 
65.8828038326 0.246909379728 1.77062027231 13.7525315179 
70.872566818 0.294475895108 1.90933434191 13.0543822491 
73.6794229309 0.321317641104 1.88314856998 12.3514148317 
72.7936036263 0.341971795518 1.68809871569 13.3068748426 
68.0490166415 0.254900806858 1.89999495714 13.1518860313 
67.461047836 0.268817210833 1.88024297646 13.6462009618 
69.6192133132 0.387381190116 2.0303530005 14.8405295008 
64.9533705018 0.299736137861 1.56011150532 12.2641966548 
