68.2913541456 0.258630701399 1.9344820596 12.7449067505 
59.0481569232 0.229464378203 1.80985178247 12.5565044906 
66.2676635889 0.274068396226 1.50069751104 12.604089723 
67.9277702329 0.300731100045 1.33821739349 12.4307982496 
61.4700828937 0.304089022859 1.29672946496 10.8956392866 
61.0218919056 0.274825370342 1.58698114161 12.8731381769 
65.9603641668 0.294818821991 1.68933152256 12.064196972 
59.6463457573 0.286730395855 1.61177506162 12.3958905488 
58.9868865688 0.252761032935 1.6297170525 11.3707520048 
72.9688798784 0.238602382159 1.87413583376 13.2488494678 
61.635578671 0.293275398909 1.95786709756 14.4160321147 
66.0662301687 0.27182397381 1.312309242 12.8723042055 
69.4864166244 0.332310339584 1.66428281804 11.3075874303 
60.8994079872 0.28444205298 1.47838651415 11.4752056994 
66.7414590032 0.269344704582 1.85227592444 12.1964931672 
53.3021994729 0.305883235354 1.71383032637 13.8565021285 
62.10612675 0.260206583371 2.02343318782 14.8283255557 
52.6430879531 0.31348990205 1.70566999899 13.2858780168 
59.7237893034 0.2652060459 1.47483065413 12.0662875341 
50.8717199698 0.225897154369 1.51915890204 13.8108385797 
53.591014522 0.275064844695 1.50826442114 12.8064794272 
64.9278157428 0.231975196153 1.67233105543 13.963700329 
54.7695182305 0.293233259267 2.00981719018 15.2424452076 
65.3018260476 0.25314890085 1.75344333216 13.1389657427 
64.2635979049 0.215721494762 1.35801772764 13.0120265915 
65.3752707127 0.360336288089 1.40933769831 14.3302694535 
68.8739163117 0.256921723879 1.66661989476 12.4675269356 
74.0596323344 0.297770183833 1.589403173 11.5723293881 
67.5997462573 0.304626490738 1.6842679523 14.416904339 
68.1820004009 0.261293996793 1.53124874724 13.1583583885 
