64.0312279641 0.242138007454 1.73049259595 13.4425506195 
65.2584790606 0.273192007257 1.74880310437 13.5747518016 
72.2705248313 0.331209579934 1.61850005037 14.0228115241 
65.5701590507 0.319786619541 1.55664226206 12.8622317597 
70.2391709949 0.27363299884 1.59813927689 13.1804699713 
57.4987851048 0.262303328248 1.79410069503 12.6501723456 
66.8667167167 0.250159209209 1.66361361361 12.6583733734 
73.2056666332 0.311578569276 1.92076258415 13.3173314579 
65.0416035545 0.285017620923 1.53632737554 13.5341815611 
75.3840755327 0.280371554075 1.44851560133 14.4761991316 
65.8773570598 0.305060007077 1.71337141702 14.3224609474 
73.1890760592 0.302758397141 1.57318529862 13.9205257785 
74.0151039027 0.301978408515 2.09752660922 13.5453117081 
64.5582831402 0.334841473908 1.48672369287 13.7762261477 
64.7981521684 0.262348664614 1.93127682133 12.5355530873 
71.1504451486 0.276687892963 1.87732508425 13.3600774609 
66.3859189026 0.241952894896 1.75393887432 12.3479675207 
65.2260516979 0.30610466295 1.83338570705 13.219665484 
68.0461025174 0.254003285815 1.41363866141 13.5931351734 
64.522629365 0.256961279205 1.8209872789 12.037058436 
74.8095910443 0.309615652262 1.75994654833 14.6357521053 
58.1424743415 0.198292229132 1.39578340664 13.3118964558 
69.8451531258 0.201724727917 1.63335864338 11.721047836 
68.4300934108 0.234828629134 1.7246806362 13.9183690987 
68.5556227023 0.249231807423 1.43091101375 13.7954172332 
66.25475266 0.261638091876 1.72317583581 13.0001260653 
67.079778672 0.251471277666 1.78114688129 13.6031036217 
59.4895139897 0.28526092397 1.56711046599 13.062625757 
70.5150143353 0.280773301142 1.83157788844 14.1562496856 
58.8476531023 0.259441881547 1.55507655117 13.8534649476 
