70.2298289738 0.367544818913 1.76920523139 13.7242605634 
69.461530664 0.297659300558 2.56013684744 14.314485555 
70.948281092 0.355561830131 1.88513650152 14.3897472194 
68.8726265424 0.290966658272 1.88783681692 13.9976932763 
74.2174987393 0.346912203732 2.19692385275 15.9011043873 
65.5149962321 0.262990957046 1.75105752324 12.7641698066 
68.0685757729 0.329660111505 1.81720729853 13.8714546376 
67.0929090454 0.362353745928 1.86384364821 13.341383112 
54.8560262229 0.292829500756 1.6407211296 15.2851538074 
68.4459404942 0.325740040343 1.82541603631 14.737917297 
76.456580938 0.355930458901 1.77125063036 13.690221886 
66.646966633 0.30637421638 1.6441809909 14.0848584429 
73.1038325769 0.405456379223 1.88581442259 14.4950075643 
65.3350544166 0.317719716527 1.82534042015 13.7602531005 
68.5641244355 0.373329453086 1.95228800803 15.4573156046 
68.4299548419 0.338352985449 1.65003010537 12.275629704 
67.5091549296 0.344702464789 2.05874245473 12.4967052314 
70.4205748865 0.287430257186 1.72558245083 14.9965658094 
61.691931417 0.346870852244 1.80245083207 14.4034291478 
55.7349531764 0.362682713237 1.96497089344 15.041078208 
70.3496366825 0.301854673014 1.97967927838 13.8864044099 
59.3225416036 0.365022894604 1.57902168432 15.6803429148 
67.0448555499 0.316612113533 1.58239736442 14.4293309681 
69.1295007564 0.330909228442 1.40745839637 15.1597478568 
76.3082146658 0.323544975422 2.18809101505 13.1927836619 
56.8944806824 0.309043151029 2.01393376819 14.9662568991 
75.5148129424 0.429702376138 1.77505055612 14.532330637 
69.1204740292 0.317062783661 1.61807866868 15.8529097327 
72.1695026508 0.341344508962 1.83763191113 12.6704922999 
