74.7756715661 0.383442980233 1.73877850988 13.711292448 
73.1170916435 0.310800050492 1.36900782631 14.212229235 
71.3909228442 0.285392133132 1.69665658094 13.756802824 
70.4801822323 0.369383143508 1.6175246773 16.239473551 
77.5979376258 0.391754275654 1.64301810865 12.6488581489 
76.5893832154 0.337063397371 1.74054600607 11.7793326593 
76.9870902673 0.371060917801 1.5368885527 14.4790771558 
74.5908565687 0.34912941472 1.67771916604 13.8764883195 
66.5938827098 0.34043463094 1.5762942366 14.3953235592 
76.366532865 0.307863873557 1.70902157551 13.513432012 
61.0615267947 0.37292421638 1.78528311426 14.720586451 
75.0917891536 0.359302331475 1.73034972124 13.9436796756 
67.2225985844 0.358593276036 2.04708291203 13.1892922144 
68.7393603626 0.370841249056 1.52665827248 16.4031629313 
63.6071789687 0.345697017189 1.74502527806 15.0718402427 
64.2327464789 0.395745422535 1.89770623742 15.5667203219 
72.1987912365 0.376544699068 1.65780407958 15.806653236 
74.0599402622 0.422229079127 1.77937528477 16.0762972713 
73.1049039434 0.350664256825 1.2192669363 14.2614054601 
67.2127745519 0.333134006564 1.88410502398 14.3998384246 
73.5562830521 0.361920775623 1.68397884664 16.0079073281 
78.268944571 0.337924424196 1.95052898001 14.5453859782 
71.1816290282 0.334594823649 1.83239786856 14.2552905354 
