69.0217073785 0.349756131957 1.58081087887 13.5481591539 
71.6498607947 0.361526600861 1.87962034928 14.5084738041 
69.2296162165 0.325342387204 1.62183491776 13.5774458025 
64.0162063917 0.308193971828 1.65724743777 13.3114757409 
55.382914421 0.312851508588 1.54878859618 12.8106482647 
63.066798439 0.3152247732 1.32022198571 12.8942983123 
72.6414543257 0.340746600866 1.81823950045 13.0060277974 
71.7163059456 0.316680318313 1.64115768665 10.9632723402 
73.0912032356 0.27584752275 1.83134984833 11.3492770475 
64.4587197811 0.266668339162 1.61572652172 12.8398053824 
67.055274347 0.298471401093 1.53957278801 13.1899878518 
63.2926595315 0.32171289378 1.4647819063 13.2004947496 
67.7283114257 0.33179322548 1.6668958544 12.784231547 
63.8665993436 0.324511133552 1.27618783136 13.9953547084 
51.8852690504 0.302474355742 1.57533410661 13.5090372686 
66.8031928287 0.31022949086 1.43341390945 13.6497406456 
66.2574498277 0.256692225826 1.62309446584 13.7398337726 
60.5045635621 0.353152387676 1.35714789975 14.3531894509 
70.4306270827 0.267638038978 1.73272745633 11.0698727658 
66.7896086913 0.318677346343 1.37211045166 12.9876873554 
73.9734088267 0.35563591325 1.37150801274 12.9030180476 
75.691500467 0.356209054448 1.86282621834 13.2492665238 
69.1652173913 0.279033518706 1.33036905966 12.8649140546 
75.492664791 0.288933380225 1.24041901125 12.7292453778 
66.3101709445 0.344455095557 1.66216529676 14.8535676466 
70.1664808433 0.250807571458 1.42684471924 11.7747618082 
66.955874937 0.259202168432 1.33395360565 13.855834594 
72.7870505774 0.231750592507 1.54246886188 10.7688114568 
72.873077899 0.369182897742 1.87516366404 13.3087896473 
73.7761089064 0.307381373386 1.71078012759 12.4615813533 
