68.2440446021 0.367256158135 1.81810440953 13.8078205778 
74.8122303984 0.306397005836 1.33476782543 13.9163308805 
63.1100987092 0.285423690205 1.9271070615 13.4576309795 
76.8988905698 0.300914473021 2.04085728694 13.2706253152 
64.5985412475 0.308620623742 1.64259054326 13.3583501006 
70.4177285319 0.339071065223 1.69842357089 13.517945102 
72.8556930068 0.306145266347 1.86865438021 11.7217672305 
78.2686695279 0.341419893966 1.31876798788 12.9688058571 
72.5129662522 0.404006089825 1.73836589698 14.7477696016 
71.1593536986 0.310920575612 1.93607169907 15.7042615501 
77.4189134809 0.343352012072 1.3698943662 14.8216599598 
62.9115062545 0.361987852786 1.87850201592 16.5224129019 
76.0894485016 0.342865172501 1.64733316545 12.7627096449 
74.928839331 0.284641611759 1.77053218449 15.4572478459 
66.2939485628 0.315971911246 2.0360110943 13.7329954614 
74.9846889952 0.306773054646 2.08398388315 12.5182120373 
64.6901801573 0.327724841411 1.88743973611 13.6552499366 
71.333383762 0.335501462431 1.7558698941 14.641079173 
70.2821004797 0.35965685433 1.44301439031 13.9941580409 
75.4644281747 0.357421560212 1.73214844736 12.5400959354 
69.546310753 0.392240695039 1.58434651221 13.6585142282 
78.0722334004 0.370539336016 1.76642857143 13.4006740443 
65.8224753227 0.275593368767 1.37157175399 13.7703872437 
70.9913836797 0.354325696908 1.95976178409 14.9948150025 
70.5575985933 0.311384375785 1.7660587792 14.3604571716 
79.9456379223 0.368119011599 1.68857791225 15.577695411 
74.58698941 0.305012405446 1.36154311649 13.7851185073 
