73.2684975605 0.360572657311 1.54721593481 14.2711483326 
61.4678100795 0.334519163062 1.50316366563 15.6331204104 
62.5802853698 0.324909264469 2.1281903135 12.4918760048 
73.4149294218 0.321460189883 1.31212136434 14.2993620335 
68.7996974281 0.34186394352 1.53016137166 13.5024407463 
66.7384174254 0.385353237084 1.63676744303 13.6012374868 
63.6063525516 0.345132821516 1.77769582016 13.7587836821 
75.8806474385 0.330191004437 1.61294876967 10.804875958 
69.1224026629 0.320256152915 1.56027335082 13.0904528949 
60.143476726 0.328079782137 1.62086338192 14.2095113218 
62.6788646731 0.353307957425 1.62657881399 14.4503395844 
66.2264808362 0.320716356108 1.41925465839 13.8214108973 
73.492193009 0.326268006447 1.66969376448 13.5479601088 
69.0994208008 0.337916947872 1.6843062201 12.9948929741 
67.1995444191 0.336226676791 1.38561376867 13.2178334599 
71.1660875258 0.32772317067 1.57721710228 13.7989625825 
58.2653235961 0.306190380257 1.52074540418 13.9957391085 
73.0321045169 0.335263722909 1.50704881507 13.1937107555 
64.5123194991 0.353428859941 1.66231445017 12.2587700697 
59.9937283629 0.421274296322 1.46228488285 16.086393056 
62.9408218628 0.36871435748 1.45434542349 14.0271274992 
72.2702336096 0.363842753077 1.68140668174 13.7771665411 
70.8896461862 0.210932194046 1.39024756941 11.6997293776 
62.0619361379 0.329092752154 1.47600101368 14.2561277243 
66.6075642965 0.340003429148 1.60503277862 13.5683156833 
74.2971826719 0.275729829345 1.51002221549 12.8966979703 
62.8721129602 0.328213565305 1.65199697428 13.5737972769 
69.1355346227 0.31349318569 1.39047499749 12.3184186792 
68.8289824456 0.423078215382 1.42948543836 14.5570997435 
73.1027283272 0.416523475717 1.71436280196 13.234510061 
