68.9532184491 0.311110086163 2.09309680689 13.5760516979 
69.4657623713 0.337650791258 1.63647324793 14.0400050239 
64.1364785173 0.321764216512 1.57895956192 14.2003633109 
73.1857070451 0.287092397364 1.98859097821 13.8500557527 
73.4455370651 0.301115481594 1.97769541099 12.7831921331 
68.8741093828 0.266589713999 1.61347215253 13.6418314099 
69.4474029249 0.352903832577 1.35142208775 14.1423701462 
73.5040847201 0.365248915784 1.41385274836 14.131931417 
65.823184004 0.350045608707 1.82596810934 14.4196051632 
63.0529664226 0.308486796264 1.68161070437 13.7834486241 
73.0713237155 0.403095874462 1.57549481144 15.6374386231 
70.2388748099 0.312339685758 1.84479472884 14.7116573746 
72.4194613821 0.309555945122 1.90976117886 12.908175813 
49.6007077856 0.329854954499 1.53315470172 15.5296916077 
75.0175874303 0.292548403447 1.57456664977 14.6397820578 
65.6013650152 0.370257836198 1.6819413549 15.5445348837 
66.1615674454 0.335984677217 1.64827430294 14.6055614167 
67.826878467 0.317657135653 1.72764498235 14.8074583964 
70.2395870058 0.324395366406 1.73074792244 13.2127977839 
55.3481500253 0.356671718196 1.70017739483 15.796710593 
69.2635930844 0.374477975445 1.61129040341 12.9640641443 
71.9569454911 0.34441396634 1.54665661894 14.6765586536 
67.326853961 0.38440005062 1.675788408 15.9012401924 
73.5617290192 0.327208796764 1.67841759353 13.7982861476 
73.1441649899 0.374028822938 2.26545774648 16.0447082495 
60.9533535048 0.304498789713 1.93493192133 16.7777256682 
76.2828614762 0.362940394338 1.81943377149 14.2364914055 
63.5138832998 0.315000804829 1.9310110664 14.9612273642 
67.0066144913 0.335494925524 1.53139611209 14.5691088109 
