75.2035894843 0.352916228514 1.59296764408 13.4812133468 
69.3088978766 0.345896865521 1.5569817998 14.7137158746 
73.2982624024 0.302332863259 1.80232183329 13.8614051876 
67.6341759353 0.371209453994 1.82782103134 15.2778008089 
76.6678309289 0.36492624652 1.60617565173 13.7605720071 
74.6046006067 0.316142264914 1.91933265925 12.0739737108 
76.5295753286 0.385933569262 1.47025278059 14.2082406471 
57.1932254803 0.297188169869 1.7646562184 14.2159656218 
69.3155995935 0.356842174797 1.69275914634 14.0438719512 
76.9953818828 0.287726414616 1.5323166709 14.1663435676 
62.3786417571 0.332673264327 1.73189598586 16.0496793739 
72.8009593537 0.368503812169 1.6459429437 13.8785205756 
66.7382709808 0.345762841254 1.67733063701 13.7891051567 
58.5552578362 0.340368503539 1.79530839232 15.7881092012 
74.9121938904 0.325506791214 1.92813430952 15.3837919717 
59.6645064054 0.397600452148 1.68915850289 15.0232856066 
55.7335022808 0.311721084643 1.62227572225 14.9166193614 
71.6639128231 0.363515762798 1.70133806386 14.1382818044 
67.8392821031 0.318615166835 1.41249241658 14.7799949444 
65.7751557199 0.335855015952 1.71874208741 14.3377880184 
77.7084865273 0.356325207756 1.8771291866 14.8433996474 
75.8463334179 0.336790713017 1.83151484395 15.9137883786 
73.0828973843 0.341861066398 1.72077967807 14.7451810865 
