76.1875474563 0.350230068337 1.79546950139 13.0331257909 
74.2458975006 0.286537692502 1.65821762181 14.0462408483 
69.3864680636 0.318945064378 1.87393082555 13.8359505175 
78.4707162744 0.293702708175 2.08270817515 12.8519260947 
68.4874936964 0.318416439738 1.63473524962 14.2036258195 
73.5988386771 0.300057207776 1.49758141883 13.3181519818 
55.7727318804 0.262390116574 1.81448555499 11.9526457172 
73.0385761171 0.327948649331 1.25839434486 12.8104973492 
71.5354203484 0.39280242363 1.87502650846 13.617212825 
74.7149332662 0.303790984639 1.96310752959 14.9753412239 
77.1334511487 0.367370562989 1.61789952032 14.4419691997 
63.1896995708 0.312311688967 1.74867457713 14.6476293865 
76.8066565809 0.354475441251 1.65591527988 13.0083055976 
72.4437815976 0.33444661274 1.83822548028 15.8064914055 
72.8640644674 0.327000050365 2.24120876354 14.1141475699 
76.5561919116 0.317420999749 1.86292388847 11.0842300929 
68.2350983359 0.307837518911 1.82458900656 14.1122138174 
71.4117263844 0.319375745427 1.60955149085 15.2377850163 
71.6848837209 0.347346006067 1.46661274014 14.509752275 
70.6986055777 0.332469621514 1.68749003984 13.890373506 
70.3873289407 0.397426862646 1.64281297516 13.3656107451 
76.1812920875 0.362908933081 1.68319128788 13.2386626684 
63.7914234966 0.30913981223 1.60944937833 14.1663689419 
66.8176500252 0.354766313666 1.64448814927 15.5104740292 
66.9154929577 0.29959944668 2.17206237425 15.1950855131 
75.8049544995 0.381595146613 1.67980283114 15.3946309403 
65.8877360866 0.286181364895 1.45648451272 15.1107680685 
