73.9667932169 0.28871065553 2.35197165275 13.4235940268 
75.1372017081 0.294883697563 1.68469731223 13.2555036423 
64.8746343923 0.305358900656 1.80661119516 13.5343368633 
68.5574823054 0.269659656218 1.94330637007 13.741041456 
67.2500125913 0.343369327625 1.86152606396 12.3964744397 
67.3033451597 0.278735174861 1.97002534212 14.6209427268 
76.8990129081 0.389870463174 1.70828144773 14.9514350797 
66.8503294475 0.258685757729 1.53824632539 13.2093765839 
74.3606167846 0.322944893832 1.96504550051 14.7734074823 
75.1183013145 0.297990546006 1.83368048534 14.8344994944 
67.8965831435 0.378260389775 1.85168818021 15.826302202 
61.0687057634 0.30660793731 1.95033872599 15.6967037412 
69.1151100987 0.283044849405 1.89920020248 12.3412756264 
72.7245140116 0.333579601111 1.66671042666 14.2455592022 
72.4131946207 0.321099771632 2.07952296371 14.4384724689 
71.1520527116 0.374956918398 1.53227572225 16.1231272174 
72.2526475038 0.35080519415 1.75262228946 12.2808623298 
66.6903568717 0.315323006834 1.97202733485 15.2987344976 
74.2340598074 0.339619564116 1.75349721237 14.5770045616 
67.7790456955 0.315112799798 1.68533198687 14.530603383 
69.4893174321 0.3206243593 1.86227860949 13.7747931997 
75.5380410023 0.338485244242 1.83570741584 12.2635687168 
63.3056441407 0.330550696026 1.68006580613 14.214188813 
72.3541456016 0.307574014156 1.51322548028 14.8116127401 
76.8904713634 0.332746781551 2.71438418652 13.6022959959 
71.9815584152 0.353181376026 1.96623771405 13.1333620428 
66.3318447095 0.324703425527 1.78624207054 14.9770058361 
