59.732830947 0.31568419995 1.67088671188 15.5288168802 
63.0886577011 0.317161837097 2.01633595534 15.0052321746 
57.2171457388 0.283525819465 1.72937972769 14.3153958649 
59.5648954923 0.305523948628 1.5514530345 13.4435557794 
71.6316081798 0.263158596314 1.70393839939 10.9125170412 
73.2300050684 0.331440952864 1.95213887481 13.7295945261 
68.6293731041 0.327025834176 1.82520728008 14.231445905 
68.5228909595 0.318455452027 1.57924452279 13.5440141022 
71.0148519819 0.283925188159 1.52200702459 15.7438986453 
72.2712951275 0.317301994446 2.02855339561 13.5657056299 
63.1157788437 0.348656904822 1.5907245645 14.9882857864 
67.3685217829 0.335701888693 1.79832787711 12.6018484009 
71.757444668 0.321510865191 2.09289235412 13.4770070423 
70.2701272265 0.298999236641 1.6233740458 12.7869109415 
66.861627907 0.327740950455 1.46113245703 12.7351011122 
71.4516324981 0.272177220957 1.52186788155 12.4577524677 
70.8171022583 0.304670997209 1.94789139812 13.9114133469 
69.9635400908 0.302489157842 1.91919818457 13.6084064549 
51.7532193159 0.271204376258 1.62965794769 14.8933148893 
63.0650529501 0.29166727181 1.46106404438 12.8448663641 
65.6375220348 0.327272928733 1.8012641652 14.6365298413 
61.9064368981 0.297081855043 1.92615813482 14.1882868728 
58.6744744745 0.279164114114 1.7058008008 13.551006006 
72.5156218402 0.308934580384 1.83916582406 13.242148635 
72.3810174639 0.306645760567 1.79997975196 13.6290913693 
70.0226205504 0.302582327695 1.77991921232 13.8415905074 
59.076976977 0.270094694695 1.67150650651 13.6732382382 
65.8700707786 0.386522497472 1.63111223458 15.3041001011 
65.1812405446 0.348214271306 1.91950579929 15.5229803328 
