72.0345072567 0.349279813255 1.65202983863 12.0771186441 
70.1196177062 0.334161267606 1.65856136821 14.8472132797 
59.2802228133 0.322270938927 1.58970241381 14.524469313 
61.0148018063 0.311464325138 1.58436527847 13.0554089313 
70.6386614094 0.309392376908 1.62636234961 12.0315286624 
69.797475385 0.282180156526 1.55001262307 12.8787780863 
72.4645481729 0.387920227054 1.8303735239 14.3970959404 
68.4857085447 0.291694931431 1.37009594615 11.0589591601 
59.5291484332 0.339025451436 1.5765102359 12.4768321513 
64.8587225448 0.284072961373 1.47381974249 13.1013380459 
68.1054064959 0.265272695179 1.43122352229 12.9411942707 
56.0993863796 0.284427019415 1.50050799718 13.6147822151 
73.2014985824 0.290538629 1.85367557716 12.1946688943 
74.3951726924 0.336967329832 1.66929913149 14.0496919814 
65.6672012027 0.267259533951 1.73434728138 11.9471109997 
66.7754018805 0.302866444242 1.59713881306 13.2712769184 
66.3826618197 0.299057406846 1.35814399677 13.2756285974 
69.220485148 0.288009027182 1.49038781583 12.0772404055 
67.5637495571 0.287023232272 1.65079718581 11.9930050109 
65.6595143131 0.273814762458 1.52065936285 13.16003938 
60.1518808382 0.297555566776 1.55719767735 14.3935521333 
67.5801824633 0.342537911809 1.49823618855 12.8080942727 
75.4096983195 0.359458139299 1.78030471755 13.1974387528 
64.6836590058 0.335867064898 1.4826009922 14.1445074415 
75.3935451336 0.322254765507 1.54069087242 12.5607312153 
59.1188705788 0.310470809887 1.45040695338 13.9110882235 
71.5683930276 0.226568794896 1.29613703722 11.1302808057 
66.3292097955 0.266425852058 1.38995708155 12.4330926534 
68.0216800805 0.355776458753 1.87089034205 13.3406287726 
66.155282655 0.291814371257 1.65470415102 13.715736324 
