59.5520523798 0.304768018131 1.6592143037 14.5951951649 
72.4436619718 0.35122193159 1.72937122736 14.3813480885 
63.8904426559 0.319807595573 1.81554828974 13.0209305835 
72.8471507816 0.335215179022 1.51846192637 15.2830206757 
74.0887433896 0.313394510199 1.75731553765 12.5131906321 
68.1935124176 0.34387344146 1.87723770907 12.576842372 
68.4777524677 0.342490255631 1.95886104784 13.4317185523 
71.9782510649 0.346105637685 1.58369832122 12.6553094463 
61.7088168802 0.278522130118 1.66791258478 12.1530720924 
58.0782170738 0.303087433896 1.54603878116 13.1033845379 
57.566691786 0.35644963577 1.70751569957 13.5006480784 
66.1698452322 0.338154568148 1.60806290564 14.480868697 
69.737917088 0.310885237614 1.36237613751 12.8617644085 
67.5704643491 0.320266632834 1.93091601116 13.6614564831 
72.7679505229 0.351610267498 1.39447405471 12.4450724055 
66.5329120324 0.347921334681 1.42736097068 12.967851365 
73.2488990129 0.285939357125 1.25255378385 12.4297899266 
57.964632002 0.330526953027 1.75267018337 13.3472695303 
52.9943803312 0.289335975916 1.50736578023 13.5784646262 
66.5828470825 0.326272132797 1.67460261569 13.342444668 
66.9722405481 0.358997411824 1.63155036793 14.422192337 
66.8038277512 0.307555779401 1.93168471418 14.394177789 
71.9102123357 0.29821223458 1.43694641052 12.4601921132 
61.5903699949 0.322965686771 1.58944754181 14.9383426254 
55.4268446235 0.299891261647 1.74987156887 12.0472173256 
70.8734158041 0.309652865438 1.65352183792 12.5231103257 
71.6825107568 0.377577575297 1.53037205771 13.0667982789 
71.6961373391 0.320326281242 1.61855087099 12.1476142388 
62.5865015167 0.373394337715 1.49908493428 14.6514307381 
64.2253286148 0.391922194135 1.86056622851 13.715182002 
