70.1693511739 0.326052511992 1.95050239838 14.4081999495 
65.6922381311 0.323903491585 2.04976639035 14.5578749058 
65.3404190861 0.320597323908 1.65221913658 14.4372431204 
70.9265585403 0.264524125697 1.93521540801 13.2647440446 
75.3783933518 0.316614001511 1.91813648955 14.4713120121 
43.063973744 0.295934915425 1.77077000757 15.0030598334 
62.80652152 0.304535732285 1.31430803346 15.4793619595 
73.6099848714 0.331127483611 1.81138174483 12.1914019163 
68.6404923386 0.343234312987 1.62693293142 15.476322532 
65.2621002266 0.301619793503 1.79842357089 15.3417325611 
65.6294029102 0.379519367787 1.58791269443 15.330160562 
74.0728048169 0.321948519819 1.95150526844 14.2603712995 
68.7966382338 0.350577320622 1.93611138986 13.5061716006 
64.2509467306 0.315789851048 1.78369098712 14.9260691745 
75.7816016219 0.340919716168 1.7283983781 14.6453421186 
72.7988372093 0.335660465116 1.65852881699 13.7454145602 
55.5279575329 0.291079929221 1.78293731041 13.4297067745 
74.8727272727 0.345445933014 1.67127171997 17.249050617 
68.530949383 0.302695744145 1.8984940821 13.956927726 
68.7885743175 0.346157836198 1.74613245703 14.3793832154 
56.2850667338 0.33334530345 1.73667590028 13.2065726517 
69.779148829 0.35620010073 1.69517501889 15.2480936792 
70.7381515991 0.346753966255 1.56004029212 15.368708134 
66.3807399899 0.310234820071 1.78490116574 14.5173694881 
72.462082912 0.356635490394 2.44023255814 14.0663296259 
64.7952597075 0.300518557741 1.92934442763 14.5621482602 
77.4590519415 0.39323197176 2.02501260716 14.7215784165 
67.4226491405 0.261222093023 1.8021536906 14.9161931244 
76.3121631831 0.289083404684 1.89064215563 14.0603374465 
