77.9127493057 0.377376874527 2.00785660187 13.7831002272 
67.0344287159 0.334411779575 1.59127906977 14.386718908 
70.7662790698 0.303894034378 1.70278058645 14.7670070779 
73.8410010111 0.282909757331 1.80851870576 14.2016127401 
76.6456593268 0.350937889142 1.97686661605 13.9083675019 
62.7358948433 0.329813195147 1.4485338726 13.6207482305 
71.8551307847 0.303056086519 1.83457746479 12.1790945674 
70.9152294503 0.355794351992 1.33499747857 14.5361573374 
74.9796533534 0.285306505903 1.86799296659 14.4823109771 
74.7311004785 0.350654746915 1.87389574415 15.9352707127 
64.1830269454 0.339344094686 1.38463863007 16.1784336439 
65.6847645429 0.301849458575 1.87715940569 16.9525560312 
75.7622317597 0.368348295885 1.75667255743 13.7990911386 
69.5422815412 0.321144396877 1.81170989675 17.3894434651 
70.5184510251 0.338929941787 2.01527714503 14.0270817515 
70.0383741479 0.322409593537 1.8628780611 14.9864024236 
77.1998485231 0.307581721787 2.09286038879 15.0517849028 
71.780182002 0.347531547017 1.6948685541 12.6565470172 
73.5108073905 0.364112528474 1.6232093141 13.1670513794 
70.0778684183 0.307203305435 1.89899883462 14.6699014726 
60.6404954499 0.288527047523 1.50038422649 13.9317947422 
59.9373323209 0.332976967856 2.24336117439 16.7337737282 
77.1901921132 0.333811375126 2.0838776542 14.9289737108 
76.3292448049 0.42491591485 1.80625950329 17.4696908262 
74.8982120373 0.304165399144 1.67284814908 13.6516746411 
