72.3957440371 0.230392163784 1.84621047854 13.2513135999 
73.0589407446 0.254421657053 1.89370214997 12.071851075 
62.5223223325 0.246484966592 1.58845414051 13.5241243167 
63.1760273284 0.236388576309 1.25083894303 12.2362202351 
67.0805338706 0.29020518761 1.49759758247 11.0172752455 
68.158766937 0.269835289377 1.4356268574 12.0660101748 
67.8290341932 0.287614877025 1.42479504099 11.8294341132 
61.5617246596 0.271326122037 1.5344831064 12.8564346949 
68.7942655936 0.288165995976 1.45748993964 11.6230080483 
71.6395050551 0.258126301494 1.66369397918 13.8624314672 
68.1978520647 0.351157011042 2.0527555085 13.4426965159 
69.4521126761 0.265978521127 1.85314889336 13.0727414487 
66.6317567568 0.364251916095 1.77880193626 12.0491377572 
67.0447541814 0.301072275722 1.51175874303 12.1026254435 
53.9493166574 0.30076922689 1.86892430279 11.8934792476 
62.9748865356 0.276066464952 1.43925365608 12.7183459405 
66.1214321735 0.268904437721 1.73091780131 13.715910237 
71.895634242 0.326984558897 1.64821446535 13.7803792375 
55.7164669599 0.263839526771 1.58595480055 12.5911269528 
71.6792567158 0.243747020804 1.20298929509 12.1593768936 
71.8605577689 0.280491098896 1.50215845479 13.513429825 
64.8828050435 0.23831586879 1.6988345808 12.5696137037 
64.3327779461 0.272973341412 1.67830960315 14.2731545996 
61.7091601116 0.280530373002 1.56245115453 15.0854503933 
75.845155753 0.291923966275 1.41000656334 12.978982178 
67.2500126218 0.278663805725 1.77445347604 13.7240470541 
69.1553255189 0.239054041711 1.77931191962 12.3412442279 
69.9678952424 0.33190434299 1.67209666818 11.7607968047 
68.6190619363 0.302311635598 1.66739326518 14.088424534 
66.1723108074 0.261536066819 1.71907365224 12.2529030625 
