71.6375282592 0.322051645315 1.64319517709 15.3253353429 
68.9207766011 0.30686172466 1.91003025719 13.0718860313 
72.6077270447 0.30089508279 1.55555444054 15.2292523833 
69.9525970751 0.283119969743 1.64740796773 16.4737418053 
71.0552072801 0.25505338726 1.73144084934 10.7655763397 
63.0542321338 0.288221236695 1.90772934617 16.5917029904 
74.0065310224 0.314465561417 1.5481838734 13.0886209495 
76.3359655783 0.348855631486 1.52887876487 13.6537231081 
70.4204214752 0.314692724536 1.61457099849 13.9281284496 
70.7297161517 0.339699824165 1.82098467722 13.4266465712 
59.6043529959 0.330957865895 1.53204259939 14.3952592669 
73.2324636227 0.277945960863 1.66005519318 13.4548519819 
68.4866031109 0.28312082288 1.69353738083 13.6483492223 
69.4511346445 0.26394165406 1.62617750883 13.2973928391 
61.7375533785 0.300417030897 1.65041446873 12.4786737001 
72.0700833123 0.263843221409 1.48017167382 12.5938803332 
73.1634522906 0.3513370286 1.90924322956 13.5673247279 
69.517608641 0.303261190656 1.77801055011 13.4223059533 
75.6406446739 0.250720171242 1.54088139008 13.4038025686 
65.7402676092 0.297511587983 1.81965665236 13.6205806614 
70.144598338 0.340260135986 2.22409972299 13.5433291362 
73.4081797526 0.303942438778 1.75635950518 13.8101287554 
72.9568874339 0.307022009569 1.9732309242 13.8338101234 
67.5184568835 0.271410741301 1.86987897126 13.5310337872 
74.3377206253 0.336754160363 1.70728693898 14.6479021684 
60.4802316797 0.317581818182 1.86781163435 12.910596827 
61.2159555668 0.297369401666 1.62704367584 13.229593537 
76.5313953488 0.386159858443 1.9337917088 15.8365116279 
70.008068583 0.35428366112 1.69758951084 12.8780988401 
