71.7583019342 0.262558955036 1.94234614418 12.9002712886 
67.6926188069 0.288988270981 1.60134479272 12.5786703741 
70.1388033325 0.290158545822 1.9717344105 13.1956324161 
76.9310640444 0.294219667171 1.72640443772 11.5529097327 
69.7390053017 0.326275788942 1.56491795001 11.2543852562 
62.7059478613 0.297677651228 1.37874462161 13.0613515566 
72.9807381193 0.300431749242 1.90447927199 14.8929625885 
76.5211830131 0.299524620829 1.44431749242 13.5513650152 
74.4982394366 0.365457746479 2.00026156942 13.5768108652 
73.4203219316 0.295223390342 1.65827967807 15.3045422535 
75.2468554247 0.354044450013 1.70993234778 14.7277624655 
72.3091705823 0.313108389209 2.04600073914 13.5916055119 
70.3916288452 0.344275895108 1.96289460414 11.6698386283 
72.890519415 0.338979122542 1.64860312658 14.3527281896 
75.9592555332 0.30354582495 2.1772082495 14.1175905433 
72.5760666498 0.269957334007 1.57942943701 12.1136076748 
73.9235591507 0.268416076845 1.82428210313 13.6364964611 
79.6917149333 0.318097658021 1.65605137245 14.2112163183 
60.2579040853 0.325944430348 1.60577518396 14.8164983507 
73.2108327006 0.325897696786 1.78412047583 13.8422424703 
74.1510224691 0.336115980813 1.64597828831 13.0121938904 
76.2495472837 0.345121076459 1.82943158954 13.5492706237 
73.9542107917 0.311770095814 1.76200706001 14.2934442763 
65.017239636 0.319304448938 1.83587967644 14.0393276036 
70.8467892219 0.310877461597 1.94724250818 13.9867741123 
76.7851609658 0.360561971831 1.82452716298 14.0221227364 
69.0141526064 0.284434953412 1.74074540418 14.043258625 
