43.2861283644 0.433194451346 1.60292339545 14.2225010352 
39.7703703704 0.269061975309 1.96117695473 14.6752757202 
39.6200823045 0.369323209877 1.95035390947 14.9298683128 
40.9835196687 0.32806484472 1.97791304348 14.4675031056 
40.5058921162 0.381897344398 2.06685477178 14.9518174274 
43.4491925466 0.290093830228 1.56284886128 12.9755279503 
42.8912266112 0.335994594595 1.66418295218 13.6491226611 
44.6850851683 0.343477773162 2.03812214375 14.1281761529 
45.563628866 0.294767587629 1.84297731959 13.7995216495 
43.8943271222 0.306859461698 1.71654658385 15.19036853 
47.3818181818 0.326542644628 1.45800826446 12.4889504132 
42.0976494845 0.312414515464 1.87996701031 14.441657732 
38.8358506224 0.382627883817 1.69426556017 15.3329875519 
43.0674428274 0.341962494802 1.52675259875 14.8398419958 
41.0873029046 0.327897593361 2.02629045643 14.3078423237 
38.6593762994 0.272634261954 1.87549272349 11.3753929314 
33.7105394191 0.305768547718 2.13389211618 13.2989294606 
45.217768595 0.32226214876 1.81433884298 16.2329256198 
46.1448962656 0.326331784232 2.23177593361 14.9664315353 
45.2875720165 0.375476049383 2.43324279835 15.4022386831 
43.9877178423 0.300893195021 1.96059751037 12.4825394191 
47.9333059548 0.358803449692 1.82242299795 14.1140287474 
45.8851639344 0.313619262295 1.80612295082 14.6376311475 
47.5735817805 0.360340869565 1.88356935818 14.1087039337 
41.9319008264 0.343904628099 1.72795867769 13.536892562 
47.2441407867 0.333558178054 1.96091925466 15.0797184265 
47.6315400411 0.419987679671 1.81640246407 15.4484353183 
42.0788501027 0.380995975359 1.85748665298 15.6743819302 
42.7460580913 0.32630813278 1.75316182573 13.4446224066 
