57.6601115053 0.27040299037 1.68593005575 15.0916016219 
68.5879475542 0.335855168936 2.0080332829 14.6746898638 
72.964637827 0.339217857143 1.79865694165 13.3894517103 
62.4148073533 0.317298161672 1.82884915638 14.8255905314 
64.5612708018 0.317670146243 1.70991931417 14.8453252648 
66.4007689584 0.292356452674 1.61987150301 12.8511509081 
67.6362487361 0.290874823054 1.45341253792 12.4646258847 
67.3346764039 0.33134197935 1.55637874591 14.5382724754 
55.8873609707 0.28297917088 1.9053892821 13.9940647118 
71.4336863338 0.325633686334 1.56885022693 13.4545990923 
73.5106606607 0.310208308308 1.52016016016 14.201996997 
73.5057413879 0.317550873689 1.31882176735 13.8886370444 
68.7776438081 0.306427179101 1.47449886963 13.3907812108 
70.9885311871 0.303037424547 1.76831488934 12.996222334 
73.1891809909 0.304260970677 1.78753791709 12.8124165824 
74.8779626828 0.253011043873 1.80168431669 12.6943419062 
64.3859097821 0.339225899645 1.71797263051 13.4902483528 
64.850037679 0.281025772419 1.50547098719 14.6454709872 
75.4151841644 0.328346930594 1.72443998998 14.5754297169 
62.1303450013 0.354448954923 1.83383026945 14.8888088643 
70.7792476647 0.299718353951 2.01910123706 14.3386670033 
71.3587967644 0.298427098079 1.81196663296 14.2436450961 
74.2217629482 0.305200398406 2.01973605578 13.4863545817 
72.2516893596 0.35035390822 1.53938477055 13.2497226425 
73.4057056299 0.298367886897 1.74305983338 14.1433728856 
65.9907291406 0.281736707592 1.56318717114 12.5540215485 
76.9724974722 0.35997421638 1.78238624874 14.8636097068 
68.4006572295 0.296757532861 1.55528816987 14.4597775531 
50.8650406504 0.380924796748 1.64596544715 15.4171849593 
