71.2607160867 0.328442713061 1.32544125063 14.0665103379 
73.2208819057 0.317417029904 2.05809427268 13.7379371515 
70.7147118301 0.393416026289 1.88055611729 13.4065015167 
58.9473365312 0.350870436758 1.74436758394 17.8381065388 
72.2514228154 0.315492420045 1.80728783682 15.1007302946 
68.2448048657 0.2537897111 1.52965534719 12.7486467309 
67.8961974314 0.307658524301 1.41424326366 13.6700226643 
76.1169440242 0.363390569844 1.67244578921 13.8487392839 
54.2989091651 0.309245641758 1.87558364767 13.7332398817 
66.552193646 0.329115481594 1.57234997479 14.961820474 
75.063253928 0.306115762798 1.48323872276 13.1460618348 
64.1979700584 0.278962953565 1.5133773154 14.3691245877 
74.8728603888 0.321625852058 1.60218631659 12.9134208533 
67.3809884014 0.276747755925 1.57986384266 14.0649369642 
71.5024930748 0.317311206245 1.75822714681 13.7128733317 
75.6636523487 0.259020798794 1.63461441849 12.454669681 
71.6877458396 0.294767574382 1.89194150277 11.6711497731 
71.1364094806 0.273249117499 1.41338376198 14.3340342915 
71.8745127816 0.32385806125 1.85379397621 15.6660339155 
65.7243570348 0.329100655572 2.06686838124 14.5631669188 
64.4475637465 0.287934915425 1.90953799546 15.2018076243 
75.405611729 0.324539332659 1.70763902932 14.1501870576 
73.1166372128 0.288115677859 1.91019944458 13.7420903812 
72.1744145052 0.33188884412 1.62708133971 14.067856963 
72.9024772497 0.279669615774 1.69967644085 12.5297674419 
74.0867122248 0.300849354594 1.7421564161 12.9472892938 
77.558440901 0.334601670463 1.70211085801 14.091030119 
71.4344497608 0.318897909846 1.63136741375 15.1849156384 
70.8902802323 0.325895228478 1.55658672053 14.4383438526 
