66.0806817609 0.25776723312 1.72860168423 13.6813373002 
62.25081103 0.256549624899 1.525243309 13.9731143552 
63.6066901408 0.338458853119 1.86938128773 13.9646327968 
65.4550615423 0.316113890982 1.31486058779 11.4616327556 
70.4827655411 0.296576739752 1.58453665145 13.4197230445 
63.5774282385 0.264412562229 1.52262472196 12.4976379621 
74.2621652968 0.245691997378 1.8111845091 12.6067217992 
64.5766718979 0.309843264314 1.51819976712 13.5925834051 
73.9664795996 0.300276657061 1.7575610496 12.1566509935 
68.8220373172 0.252768330812 1.59949571357 14.049218356 
64.8461771233 0.379921676417 1.55549223321 13.7442152512 
71.4985338726 0.303537310415 1.44005561173 13.9825278059 
66.3585278186 0.369011289424 1.76639497798 12.5881081355 
57.1340268967 0.253146257295 1.50692210099 13.5701344836 
65.6320121182 0.239403635446 1.70364554405 12.4291088109 
68.1366768952 0.286478645807 1.94833241109 13.9317470698 
57.2095070423 0.28695306841 1.43973843058 13.7788581489 
68.717955175 0.31886683455 1.79284311257 12.2462100227 
60.4165197683 0.28752132964 1.71424326366 12.8102090154 
63.7023923445 0.241407302946 1.69206245278 12.9283404684 
71.2353059988 0.299102757019 1.72240961422 14.4272217734 
66.4771235279 0.249965672764 1.60662991731 13.3126434478 
61.784286074 0.271302795266 1.87084865273 14.2919717955 
73.6281765718 0.290711096487 1.75024298876 13.6013111269 
73.3275749182 0.272249357844 1.1648552002 12.7283958701 
59.5668179526 0.322741704488 1.50085728694 13.278401412 
69.2568593703 0.240532398502 1.55582666802 13.3777969019 
67.8650531169 0.305617558629 1.49995490078 12.8113950692 
70.4229816491 0.282786613417 1.52558010212 13.4515292452 
68.4272749938 0.248492744951 1.72040887559 12.9400199452 
