77.664333199 0.290067284448 1.57428485093 10.9997078969 
68.3880182002 0.343846966633 1.84520222447 13.9420273003 
66.2447306203 0.360542431712 1.6938679008 14.8171336586 
65.7058321194 0.295525794947 1.38977746521 12.9693223489 
66.2989383215 0.32254140546 1.47932760364 12.4626541962 
62.9713279678 0.270800352113 1.62451207243 12.6759859155 
70.3525427156 0.39846031746 1.74193205945 12.9606258215 
64.5942776261 0.326266606005 1.63158426853 12.480451926 
55.446809589 0.28977036136 1.85239470883 12.7265521261 
67.2512057878 0.294015675241 1.49041901125 12.8048432476 
67.2181679777 0.289474752601 1.44962192337 13.554747526 
61.4321676902 0.284449423946 1.3892605187 14.1826320865 
73.3723651034 0.279635854766 1.59519919314 12.1445990923 
73.2798291886 0.336005928159 1.65223813112 13.5549610651 
70.5461039288 0.295060163992 1.62253131445 12.3696463605 
66.4654387106 0.23758060964 1.52910556084 12.0697131989 
72.5438596491 0.2863803529 1.52911673998 14.2222255928 
60.8759478314 0.300993580022 1.54549590537 12.8758467293 
66.9426150976 0.249922444657 1.63119862841 12.2237254803 
59.0735412475 0.259812022133 1.50441146881 13.0362927565 
74.9891436074 0.306506412846 1.70622601495 13.5614673803 
74.6393816523 0.349186264572 1.34696401419 13.2758084136 
69.0719705549 0.272443714609 1.7327180068 13.4004869762 
76.2256969083 0.315342524075 1.2081196148 12.8352204764 
64.2449133763 0.306232473811 1.44265209508 11.8657886785 
64.797323809 0.286881835102 1.45046531516 13.2769052769 
72.3503033367 0.281806976744 1.37307381193 12.412487361 
71.7335321773 0.319659926192 1.22215257065 12.473853698 
68.4534089184 0.341412208331 1.74332135446 13.4177709166 
52.6276724486 0.285049818475 1.29406010488 14.2084459459 
