66.4400912316 0.289745970603 1.35200202737 12.8754130765 
61.4689079879 0.31007148635 1.80716380182 13.9889282103 
62.2649969703 0.320995253484 1.41225509998 13.4685467582 
74.0627332325 0.316059304085 1.59345436208 13.0396923853 
56.7633270896 0.319265225535 1.42968662988 12.933032957 
69.6655671149 0.320183049987 1.48422227861 13.7909312357 
59.4062420705 0.379569804618 1.53400152246 12.9491296625 
69.8776721493 0.294979679091 1.6198883356 12.2037271767 
68.1817860925 0.237473904493 1.87358680853 13.0446321416 
67.9943670472 0.284940099583 1.48114469647 12.0086757532 
66.7306370071 0.293234732053 1.48874620829 13.5878816987 
63.6100926672 0.336258914182 1.50809327156 14.7065018131 
75.9947049924 0.276535451336 1.59851235502 12.3302420575 
69.2193661972 0.300436619718 2.02073440644 12.9036519115 
67.4181790607 0.356433244022 1.44876396542 13.6497194277 
63.3502950224 0.296189520399 1.65477835493 12.2427353876 
63.829810901 0.283151582566 1.49692587724 14.7808575185 
62.5659019343 0.27873874144 1.23416804119 12.426825611 
69.0402359704 0.303838854435 1.70849594111 12.4728533253 
58.9939332659 0.309779524772 1.57562184024 12.673710819 
69.6277116865 0.337966210137 1.68521943417 12.7258972308 
58.829786161 0.316256858987 1.45126588662 13.785505346 
73.5549561699 0.277308664869 1.55945718139 11.911997078 
63.3102724319 0.290996250937 1.38892776806 12.4744513872 
68.8424986113 0.283345856688 1.81093773671 12.6004090289 
65.6887590653 0.280458753022 1.54067788074 13.7663325947 
73.8237464618 0.29910948241 1.5675849171 12.1357713304 
59.3006268325 0.315092103933 1.51589829138 13.6804822566 
66.9582977011 0.316275869007 1.67010916042 13.587207606 
53.9371331092 0.305511865937 1.70263910491 13.5015854699 
