60.0710495596 0.36104865754 1.64113870317 14.6182266794 
64.477188035 0.337394249169 1.54027092356 15.5239450096 
62.601179764 0.330944061188 1.65811837632 13.5041441712 
73.9944391082 0.334972347202 1.6477175067 14.6196400586 
73.1678571429 0.32811695171 1.66857142857 13.4374396378 
72.2080085046 0.335804343424 1.51561202794 13.8871266579 
59.4041552927 0.363962440603 1.68196845617 14.8260944293 
69.9667002012 0.307810311871 1.59551307847 11.6868812877 
58.3378385219 0.303770387244 1.83276638826 14.0202784105 
70.8902150375 0.286771113461 1.54742408219 13.1875459536 
58.7075476467 0.333520196148 1.58239219453 14.9774884991 
69.2696401419 0.34804450076 1.59391789154 13.9431272174 
68.2783325012 0.327715576635 1.5393759361 14.4401497753 
64.2491242118 0.381593484136 1.43541187068 14.7831148033 
63.416800967 0.300980560032 1.53193493151 13.3485646656 
63.1916200836 0.283545047087 1.53915999396 14.1990985547 
74.5932313537 0.290611277744 1.40704859028 14.7931263747 
70.2517981993 0.377679643881 1.32848448267 14.5734419798 
64.5346310548 0.303438257633 1.40785171772 13.273215633 
63.5693292012 0.380174447666 1.45071478556 15.4547035889 
68.8570778564 0.39836875632 1.51166329626 15.6749696663 
64.2283702213 0.349231891348 1.56057344064 14.3243259557 
74.8417905949 0.26052778336 1.4008289791 12.7123794212 
66.3888554821 0.313748296252 1.5251653638 14.4589697334 
72.1805008583 0.37424093709 1.71788851863 13.6033222256 
74.5542521994 0.292258013955 1.57393062999 13.2733036707 
70.7964802582 0.289573042207 1.67156976451 14.1518884575 
67.6550065809 0.290388832641 1.52017312949 12.1207097297 
74.1836312229 0.39780566495 1.52332121579 14.3994597597 
69.7480839048 0.375863856394 1.63094997983 12.5881504639 
