72.7354318811 0.308585091916 1.98448249811 13.6761571393 
66.7152739207 0.340738399394 1.56879575865 14.2197778339 
71.6072708912 0.314060237314 1.67468316082 13.8565008836 
71.5785173979 0.306922793747 2.10051437216 14.0739183056 
71.7734069242 0.323608981435 1.7943100853 13.1247566483 
68.3251881586 0.298763923733 1.46992473658 14.5584997491 
73.3750750751 0.39517012012 1.73898898899 15.4248298298 
64.8633046123 0.292060314242 1.84838317283 14.9703598581 
54.6322532027 0.352394875659 1.60011052499 15.6083496609 
64.2147997973 0.306775975672 1.85090724785 14.9436036493 
73.4365015167 0.384651921132 1.89889787664 15.7449696663 
72.8551307847 0.316063983903 2.01477364185 14.260804829 
66.644410952 0.295738507913 1.91946747048 13.3417884954 
68.1809644029 0.328296642262 1.71036101994 14.3921585458 
76.9720902012 0.35379810901 1.75542016382 15.1905804429 
63.8933771486 0.389033569262 1.61535894843 15.7940647118 
67.4660965795 0.335841297787 1.4231639839 13.866001006 
72.07760364 0.340631092012 1.57078361982 15.355247725 
72.7579026593 0.354384445559 1.7009633718 14.4259859508 
66.5554152992 0.325888714971 1.71823781873 15.0629386519 
70.8282400403 0.343623600605 1.72628845184 12.5665910237 
64.0853082974 0.319134483634 1.74141080944 12.8808525755 
74.4563585998 0.372481692269 1.69960211534 16.0028405943 
73.57093931 0.367578846638 1.66509191639 14.1107025938 
75.7700453858 0.374621785174 2.31111951589 14.2701059002 
72.1985844287 0.394504802831 1.98338725986 14.951223458 
62.204784689 0.307844824981 1.64480483505 14.4213447494 
