72.7689359556 0.29620297529 2.00257690368 14.3010438729 
76.0985844287 0.271059706775 1.64858948433 12.716132457 
73.4309288788 0.333239129334 1.55390534042 13.857382941 
72.8734241049 0.270459152799 2.05264750378 12.0812355018 
72.4832072617 0.312029551185 1.58375693394 12.218587998 
61.9979726305 0.303150532184 1.57849974658 14.8566852509 
72.0553706505 0.35208290469 1.58124558749 14.2926122037 
66.3862436655 0.280535261824 1.48919974662 12.4194415118 
59.6917357448 0.35190660638 1.67673951269 14.5117809596 
75.351314459 0.311834580384 1.74379676441 14.2914762386 
76.6762338648 0.345734649456 1.56662617059 13.0907820805 
74.5354708407 0.292007169907 2.08352436253 13.9946478162 
72.0401412002 0.344972465961 1.95656076652 13.3673625819 
67.0949262684 0.368909572607 1.53181704574 13.6662034491 
71.8652812975 0.303557932083 2.18121135327 14.5403598581 
73.797280282 0.362539360363 1.66687484261 15.4735885167 
69.6205257836 0.323664256825 1.75779069767 14.1091253792 
74.5799799298 0.345722378324 1.74342197692 14.3458454591 
71.7141348089 0.384323038229 1.35949195171 15.6049798793 
74.8482187657 0.311862970396 1.62810837933 14.6359759157 
69.8283324886 0.360445615813 1.83287886467 14.3453167765 
73.7108264255 0.35802094951 1.8797538307 12.56316001 
65.2313953488 0.35122421638 1.85611729019 14.0808796764 
71.9044069504 0.343719919416 1.46895995971 14.021888693 
73.3385237614 0.320355763397 2.40758341759 13.3360869565 
77.5087319666 0.359608656036 1.88184763351 14.0921640091 
67.3003786922 0.317963645544 1.67056298914 14.9439535471 
