Rk,Tm,MP,G,FTr,STL%,TOV% 
1,LAL,2441,78,.345,0.9,14.0 
2,PHO,1690,68,.275,1.7,16.7 
3,WSB,1303,63,.316,3.1,15.3 
4,PHO,711,62,.193,1.8,13.1 
5,DAL,2663,80,.350,1.5,10.6 
6,BOS,2499,71,.195,2.0,13.3 
7,DEN,1110,64,.228,0.9,10.3 
8,HOU,312,51,.209,1.1,11.1 
9,IND,721,63,.367,2.1,13.9 
10,CLE,2182,72,.186,2.0,17.1 
11,NJN,542,34,.335,1.0,16.5 
12,UTA,2155,81,.228,0.8,9.7 
13,GSW,1579,82,.161,1.5,10.4 
14,CHI,1822,63,.316,1.4,17.7 
15,PHI,2740,68,.602,2.1,21.4 
16,ATL,804,64,.400,1.8,13.9 
17,PHO,979,50,.240,0.9,17.7 
18,LAC,2230,72,.369,1.3,18.2 
19,UTA,895,73,.184,2.0,11.6 
20,TOT,1586,63,.376,1.1,14.6 
20,POR,19,7,.125,4.8,0.0 
20,SAS,1567,56,.379,1.1,14.8 
Rk,Tm,MP,G,FTr,STL%,TOV% 
21,POR,51,11,1.000,1.8,17.2 
22,BOS,3005,74,.304,2.2,12.4 
23,NJN,127,7,.214,1.1,16.4 
24,DAL,160,30,.549,1.2,19.2 
25,DAL,2758,80,.375,1.1,10.6 
26,WSB,1552,82,.290,0.6,19.0 
27,POR,163,5,.455,0.3,15.9 
28,MIL,900,68,.272,5.6,12.5 
29,LAL,219,32,.563,3.5,16.7 
30,MIL,1467,76,.406,1.8,14.6 
31,TOT,487,44,.565,1.9,17.1 
31,LAL,404,37,.628,1.6,17.2 
31,SAS,83,7,.367,3.4,16.7 
32,MIL,418,34,.117,1.1,7.7 
33,SAS,29,6,.222,1.6,16.8 
34,IND,148,10,.270,3.0,21.0 
35,CHI,818,62,.358,1.2,20.2 
36,NJN,2339,77,.254,1.8,14.5 
37,LAC,2922,80,.532,1.6,13.6 
38,DET,332,40,.269,1.7,17.3 
39,BOS,297,42,.217,1.3,19.9 
40,ATL,695,65,.389,1.0,11.4 
Rk,Tm,MP,G,FTr,STL%,TOV% 
41,POR,1443,49,.424,0.9,17.9 
42,GSW,2724,81,.296,1.6,12.0 
43,NYK,1989,58,.694,1.0,13.4 
44,WSB,2149,78,.401,1.0,12.9 
45,SEA,3018,82,.436,1.3,13.5 
46,PHI,2624,68,.371,3.4,15.9 
47,CHI,27,5,.000,3.7,8.3 
48,NJN,1029,68,.387,1.5,20.4 
49,MIL,57,6,.250,1.7,13.9 
50,TOT,1322,70,.270,2.1,13.6 
50,CHI,473,27,.275,2.0,16.7 
50,PHI,849,43,.267,2.1,11.8 
51,WSB,1420,82,.166,3.3,12.6 
52,LAL,2253,82,.201,1.6,11.3 
53,DEN,1561,69,.208,0.4,12.0 
54,TOT,1170,63,.325,2.2,13.2 
54,SAS,732,31,.254,2.5,13.6 
54,CLE,438,32,.487,1.8,12.3 
55,CHI,2287,82,.208,0.8,14.4 
56,NYK,1056,49,.288,1.2,16.5 
57,MIL,2770,82,.264,2.2,9.8 
58,TOT,1973,78,.298,0.8,12.2 
58,CHI,1105,43,.264,0.7,12.7 
58,LAC,868,35,.338,1.0,11.5 
59,UTA,636,67,.117,2.0,11.4 
60,LAC,924,49,.316,2.2,11.3 
Rk,Tm,MP,G,FTr,STL%,TOV% 
61,DET,2736,81,.590,1.1,11.3 
62,CLE,2695,80,.443,0.9,18.7 
63,DAL,1582,82,.392,1.9,18.2 
64,PHO,2646,79,.220,1.7,12.0 
65,NJN,106,6,.750,0.9,26.1 
66,SAS,1682,81,.250,1.9,12.4 
67,TOT,731,62,.322,1.7,19.8 
67,CHI,7,1,0.0,0.0,100.0 
67,BOS,724,61,.322,1.7,19.5 
68,DAL,3028,82,.620,0.8,13.3 
69,SAC,98,8,.167,4.3,25.9 
70,IND,128,24,.324,0.8,14.2 
71,LAC,1566,60,.243,1.8,16.6 
72,POR,3114,82,.334,3.0,13.5 
73,TOT,875,65,.491,1.1,19.0 
73,SAS,122,14,.311,1.9,7.3 
73,POR,753,51,.526,1.0,20.9 
74,DET,2439,79,.328,1.6,16.6 
75,DEN,1932,81,.199,2.3,9.9 
76,UTA,2505,79,.364,0.8,17.3 
77,SAC,26,3,.250,1.8,18.4 
78,SAC,122,8,.438,1.9,30.8 
79,PHO,304,14,.636,0.9,9.6 
80,CLE,890,44,.414,2.1,17.8 
Rk,Tm,MP,G,FTr,STL%,TOV% 
81,SEA,3073,82,.322,1.6,12.1 
82,TOT,195,30,.314,1.2,17.1 
82,POR,17,7,.375,2.7,17.7 
82,MIL,48,5,.083,1.0,0.0 
82,NJN,130,18,.387,1.1,21.6 
83,DEN,3085,82,.254,1.1,9.1 
84,PHI,1918,60,.276,2.0,14.2 
85,DEN,1567,81,.169,2.3,12.0 
86,NYK,2206,63,.394,2.0,15.6 
87,HOU,498,62,.351,0.9,14.0 
88,TOT,883,48,.267,1.7,11.9 
88,MIL,22,4,.625,2.2,8.9 
88,LAC,861,44,.259,1.7,11.9 
89,IND,2549,82,.415,2.1,16.3 
90,GSW,3064,82,.521,2.2,18.1 
91,PHI,285,20,.382,0.9,11.1 
92,PHO,1104,77,.550,1.0,18.6 
93,SAS,2405,82,.614,0.8,19.5 
94,MIL,34,4,.538,1.4,0.0 
95,NJN,2272,72,.391,1.1,10.4 
96,PHO,836,64,.357,1.4,13.9 
97,LAC,1130,70,.174,2.5,14.8 
98,NYK,166,15,.204,2.1,27.2 
99,IND,456,55,.386,1.1,23.4 
100,LAL,2240,79,.480,1.5,12.5 
Rk,Tm,MP,G,FTr,STL%,TOV% 
101,PHI,172,19,.271,1.1,16.1 
102,UTA,2090,81,.323,2.4,15.3 
103,DET,1792,80,.327,1.1,17.0 
104,SAS,2587,79,.469,1.3,16.9 
105,UTA,1843,76,.204,2.4,10.7 
106,UTA,1453,72,.298,1.4,10.2 
107,DEN,1990,73,.539,2.0,12.5 
108,DAL,2556,77,.236,3.1,11.2 
109,CLE,3064,82,.349,3.2,15.6 
110,HOU,1174,74,.217,1.5,10.1 
111,ATL,256,40,.426,1.9,13.9 
112,TOT,16,8,.375,0.0,30.0 
112,ATL,10,6,.200,0.0,15.5 
112,MIL,6,2,.667,0.0,43.6 
113,TOT,2045,74,.341,2.4,18.2 
113,SEA,155,6,.360,1.8,20.6 
113,NYK,1890,68,.340,2.4,18.0 
114,MIL,36,6,.308,1.3,28.9 
115,GSW,45,5,.250,1.0,31.1 
116,TOT,323,54,.199,1.4,15.0 
116,HOU,92,18,.303,1.6,19.4 
116,BOS,231,36,.165,1.3,13.3 
117,GSW,1497,73,.583,1.3,12.8 
118,PHI,2489,76,.437,0.9,13.2 
119,MIL,2147,78,.216,1.7,14.2 
120,POR,479,58,.322,1.5,17.4 
Rk,Tm,MP,G,FTr,STL%,TOV% 
121,PHO,1561,80,.346,2.1,27.5 
122,CLE,2083,68,.450,1.5,17.7 
123,PHO,2579,82,.345,2.0,18.4 
124,LAC,428,19,.281,1.5,24.9 
125,UTA,845,78,.540,0.9,17.4 
126,DAL,22,8,.889,2.2,28.5 
127,HOU,520,60,.289,1.6,14.0 
128,SEA,1051,78,.618,0.9,13.7 
129,BOS,2933,79,.263,1.4,14.3 
130,SEA,508,24,.296,1.1,16.3 
131,SAC,2457,81,.246,0.8,10.1 
132,WSB,399,18,.383,2.5,17.2 
133,LAL,2904,80,.482,2.2,15.9 
134,LAC,302,10,.271,1.9,8.9 
135,LAC,234,29,.594,1.8,18.2 
136,POR,2345,79,.551,1.0,20.0 
137,DET,2166,78,.174,2.0,9.7 
138,TOT,858,65,.202,2.3,12.3 
138,WSB,114,16,.394,4.2,22.1 
138,SAS,744,49,.180,2.0,10.9 
139,POR,1578,78,.554,0.7,23.8 
140,WSB,1609,79,.305,2.0,21.4 
Rk,Tm,MP,G,FTr,STL%,TOV% 
141,CHI,3281,82,.427,3.6,9.1 
142,IND,60,4,.182,4.0,14.4 
143,LAC,936,66,.665,1.9,15.5 
144,POR,2088,82,.497,2.7,14.3 
145,NJN,1291,61,.175,1.2,14.3 
146,NYK,214,6,.410,0.5,10.8 
147,SEA,31,6,.667,3.0,0.0 
148,BOS,745,74,.691,1.1,19.2 
149,SAC,1658,79,.258,1.0,13.0 
150,ATL,1684,82,.543,1.5,17.4 
151,SAS,1004,68,.397,1.0,13.3 
152,DET,2854,82,.271,1.2,9.6 
153,PHI,16,1,.667,3.1,20.5 
154,HOU,1175,53,.332,2.2,13.5 
155,CLE,870,67,.270,1.4,16.9 
156,DEN,3054,82,.228,3.0,10.0 
157,ATL,1848,82,.427,1.3,10.9 
158,SEA,2288,75,.386,0.7,17.4 
159,HOU,688,32,.277,1.3,13.0 
160,IND,2265,80,.210,2.1,10.7 
Rk,Tm,MP,G,FTr,STL%,TOV% 
161,MIL,1358,43,.279,2.5,11.3 
162,SEA,1120,63,.482,1.4,13.8 
163,IND,1250,76,.120,2.3,13.9 
164,DET,1278,63,.363,1.2,16.4 
165,WSB,2763,80,.282,1.3,9.7 
166,UTA,2857,82,.380,1.7,12.5 
167,WSB,2488,73,.528,1.1,11.1 
168,NJN,284,23,.330,3.0,17.6 
169,NYK,68,8,.320,2.9,19.7 
170,POR,146,24,.355,2.2,35.8 
171,DEN,286,43,.489,2.1,16.7 
172,LAL,532,50,.193,2.0,20.1 
173,TOT,1968,81,.820,0.9,17.3 
173,LAC,1132,35,.789,1.1,18.4 
173,HOU,836,46,.867,0.7,15.6 
174,PHI,2817,81,.486,0.6,14.9 
175,HOU,3136,81,.502,1.3,17.9 
176,CLE,279,24,.631,1.5,22.4 
177,SEA,3031,82,.250,1.8,11.8 
178,GSW,1284,63,.106,1.0,10.2 
179,MIL,70,7,.412,1.4,13.0 
180,ATL,1420,76,.202,2.1,12.4 
Rk,Tm,MP,G,FTr,STL%,TOV% 
181,BOS,3060,77,.392,0.6,11.4 
182,NJN,942,56,.169,2.7,12.8 
183,SAS,42,6,.071,1.1,9.4 
184,SEA,1972,71,.468,3.0,29.9 
185,PHI,113,11,.633,0.4,17.3 
186,NYK,972,59,.447,1.8,23.0 
187,DET,7,3,.000,0.0,0.0 
188,TOT,1600,74,.187,2.2,23.1 
188,CLE,122,11,.095,2.3,21.5 
188,HOU,1478,63,.195,2.1,23.3 
189,SAS,922,40,.234,1.0,8.8 
190,MIL,626,62,.496,1.4,12.3 
191,MIL,992,39,.500,1.3,13.7 
192,SAS,1234,55,.156,3.2,17.6 
193,GSW,698,64,.333,2.8,19.4 
194,GSW,2377,82,.351,1.9,12.6 
195,WSB,141,21,.222,1.0,7.1 
196,CHI,155,29,.827,4.5,12.4 
197,PHO,2569,69,.464,1.6,10.4 
198,DEN,20,1,.200,2.3,8.4 
199,SAS,980,60,.359,1.9,13.9 
200,DET,267,41,.381,1.2,22.2 
Rk,Tm,MP,G,FTr,STL%,TOV% 
201,CLE,630,59,.276,1.5,13.0 
202,TOT,1088,66,.364,0.9,14.1 
202,LAC,811,38,.349,0.9,13.9 
202,DET,277,28,.410,0.7,14.8 
203,DAL,91,25,.550,3.7,16.8 
204,WSB,123,15,.048,0.8,12.3 
205,CHI,2980,82,.339,1.4,19.8 
206,HOU,2760,75,.428,2.4,12.6 
207,SAC,1002,76,.794,0.9,20.1 
208,NYK,776,44,.328,1.4,19.4 
209,NYK,1440,65,.442,1.6,13.1 
210,BOS,2995,80,.292,1.0,13.8 
211,POR,1798,72,.295,1.9,11.5 
212,CHI,2689,82,.165,1.2,11.0 
213,DAL,2687,80,.309,1.9,10.8 
214,IND,2956,82,.219,1.5,12.4 
215,HOU,2403,82,.277,0.9,15.2 
216,SEA,469,60,.250,2.1,14.1 
217,MIL,2505,79,.409,1.2,8.6 
218,PHO,2250,80,.700,1.8,17.2 
219,LAC,6,1,.000,7.8,20.0 
220,TOT,604,58,.410,0.7,12.7 
220,CLE,437,37,.476,0.7,14.6 
220,CHI,167,21,.275,0.9,8.2 
Rk,Tm,MP,G,FTr,STL%,TOV% 
221,POR,2714,80,.434,2.7,21.8 
222,MIL,2057,61,.532,2.6,19.7 
223,SAC,913,67,.151,2.1,15.7 
224,CLE,1217,67,.269,1.7,18.1 
225,LAL,1514,78,.502,2.3,21.4 
226,DEN,1421,74,.405,0.8,10.5 
227,HOU,2594,75,.176,1.4,8.8 
228,MIL,963,58,.517,2.5,15.8 
229,IND,1396,78,.158,1.7,14.5 
230,ATL,2590,82,.582,3.3,18.6 
231,BOS,1079,73,.567,1.0,20.9 
232,SAS,2697,81,.256,4.6,14.7 
233,PHI,1586,55,.252,2.7,13.2 
234,DET,1155,77,.322,1.6,17.2 
235,SAC,468,45,.081,0.9,9.5 
236,ATL,1764,75,.278,1.2,14.8 
237,WSB,669,36,.327,0.8,16.3 
238,POR,16,7,.444,11.4,21.8 
239,PHI,116,5,.429,0.0,23.1 
240,IND,511,48,.224,1.9,24.9 
Rk,Tm,MP,G,FTr,STL%,TOV% 
241,DET,1463,82,.590,1.4,16.8 
242,HOU,1326,43,.334,1.4,16.3 
243,PHO,1655,82,.253,1.7,11.6 
244,DEN,1556,76,.726,0.6,15.1 
245,SEA,579,63,.242,1.6,16.7 
246,DAL,1711,81,.463,1.4,14.0 
247,DET,7,3,.000,0.0,66.7 
248,LAL,2729,82,.221,2.2,10.4 
249,UTA,753,69,.543,3.4,15.5 
250,CHI,1751,80,.285,1.3,11.0 
251,GSW,950,34,.319,2.2,10.6 
252,BOS,1566,78,.106,1.2,12.8 
253,MIL,2536,82,.372,1.7,14.0 
254,NYK,10,2,.000,0.0,0.0 
255,MIL,205,13,.194,1.2,23.8 
256,GSW,341,41,.308,1.8,16.4 
257,SAC,1658,52,.301,1.3,12.8 
258,MIL,461,42,.187,2.6,15.6 
259,GSW,2374,80,.362,1.4,17.6 
260,DEN,168,28,.266,0.3,17.7 
Rk,Tm,MP,G,FTr,STL%,TOV% 
261,LAL,233,35,.417,0.8,21.1 
262,NYK,1951,80,.151,1.7,18.2 
263,SEA,375,44,.321,1.6,14.0 
264,SAC,665,34,.442,1.3,18.5 
265,IND,2761,81,.483,1.9,12.4 
266,UTA,1858,82,.495,4.4,22.5 
267,SAS,1765,76,.112,0.9,11.0 
268,DAL,1405,75,.279,1.9,15.3 
269,DET,44,12,1.000,2.2,35.7 
270,GSW,1650,82,.290,1.9,11.4 
271,SAC,2872,79,.405,1.3,16.7 
272,BOS,89,17,.667,1.1,13.9 
273,DET,3013,81,.385,2.4,17.8 
274,PHO,331,24,.314,1.6,11.8 
275,LAL,762,59,.284,0.9,17.2 
276,SAC,2166,82,.339,1.5,14.2 
277,TOT,1890,82,.373,1.1,12.6 
277,SAS,1210,49,.371,1.2,11.1 
277,LAL,680,33,.375,1.0,15.4 
278,NYK,282,33,.299,0.7,24.0 
279,SAC,2956,82,.517,0.7,12.8 
280,TOT,1446,68,.223,2.5,13.2 
280,PHI,668,28,.203,2.4,14.2 
280,CHI,778,40,.242,2.7,12.2 
Rk,Tm,MP,G,FTr,STL%,TOV% 
281,IND,2159,81,.408,1.1,11.7 
282,PHI,1058,52,.382,0.8,18.0 
283,UTA,1865,79,.364,2.1,18.8 
284,NYK,1691,70,.146,3.3,9.6 
285,BOS,18,3,.000,0.0,50.0 
286,CHI,936,70,.123,1.6,10.5 
287,NJN,1003,76,.320,1.6,17.9 
288,CLE,801,64,.210,0.7,13.6 
289,SAC,1930,82,.211,1.3,9.7 
290,LAC,1759,65,.298,3.1,18.0 
291,POR,3029,79,.341,0.8,7.3 
292,PHO,640,57,.373,1.4,20.7 
293,IND,44,5,.000,2.2,0.0 
294,WSB,1386,51,.276,1.4,10.1 
295,BOS,374,46,.404,1.7,17.1 
296,PHI,817,58,.326,2.1,14.1 
297,CHI,534,44,.097,0.9,14.2 
298,DEN,2020,81,.492,2.7,17.2 
299,NYK,1719,68,.318,1.4,10.2 
300,BOS,112,10,.577,0.4,31.5 
Rk,Tm,MP,G,FTr,STL%,TOV% 
301,GSW,385,35,.352,0.7,18.9 
302,NJN,1600,72,.232,2.7,22.8 
303,ATL,532,33,.648,3.1,25.2 
304,MIL,102,15,.421,1.4,26.2 
305,BOS,78,6,.074,1.2,9.7 
306,DAL,560,58,.455,1.1,19.8 
307,CLE,1333,78,.449,0.8,18.7 
308,WSB,1816,73,.320,2.4,19.0 
309,LAC,1545,68,.261,1.4,10.6 
310,GSW,937,73,.346,0.8,11.7 
311,HOU,788,32,.186,2.7,11.7 
312,ATL,2969,79,.415,1.9,9.2 
313,NYK,454,24,.457,1.0,15.5 
314,NYK,2758,80,.257,1.6,12.9 
315,NJN,2976,82,.628,1.2,19.0 
316,ATL,481,33,.274,1.7,24.8 
317,IND,2526,74,.286,1.1,12.1 
318,CLE,2714,80,.446,1.0,11.5 
319,WSB,1773,78,.357,3.5,14.5 
320,SEA,703,65,.223,3.0,16.2 
Rk,Tm,MP,G,FTr,STL%,TOV% 
321,DEN,10,5,.000,0.0,33.3 
322,NJN,800,32,.207,2.2,22.9 
323,ATL,2626,81,.319,1.2,13.1 
324,TOT,45,7,.200,1.0,31.5 
324,NJN,43,5,.250,1.1,31.1 
324,ATL,2,2,.000,0.0,33.3 
325,SAC,789,53,.292,2.5,26.9 
326,PHI,1612,77,.334,2.8,15.6 
327,ATL,2049,71,.160,0.9,9.4 
328,DAL,657,54,.448,1.4,8.4 
329,NJN,1733,76,.307,1.3,16.0 
330,LAC,2126,74,.257,2.2,11.8 
331,NJN,2638,75,.529,1.0,13.9 
332,LAL,2819,82,.322,1.8,10.9 
333,NYK,138,14,.609,1.1,18.2 
334,SEA,1482,73,.247,2.4,21.0 
335,TOT,72,9,.095,3.2,15.5 
335,CHI,20,5,.500,2.5,17.0 
