Rk,Tm,MP,G,FTr,STL%,TOV% 
1,VAN,486,41,.118,1.0,9.1 
2,DEN,420,29,.324,1.7,21.1 
3,VAN,3241,81,.415,1.5,13.2 
4,ORL,227,26,.321,3.6,28.1 
5,TOT,1382,65,.262,1.7,10.5 
5,DAL,472,38,.253,1.7,9.6 
5,WAS,910,27,.266,1.7,10.9 
6,MIL,3129,82,.299,2.1,12.1 
7,MIL,288,37,.155,2.4,18.2 
8,ORL,1710,82,.471,0.8,14.8 
9,SAS,2859,82,.405,2.2,12.4 
10,BOS,849,33,.313,2.7,16.8 
11,SAC,169,21,.000,3.0,10.9 
12,HOU,2396,82,.319,1.8,16.3 
13,POR,856,58,.138,2.5,13.8 
14,ORL,2767,75,.249,2.5,15.2 
15,DET,2363,81,.137,1.4,12.9 
16,POR,1182,66,.327,2.2,13.6 
17,VAN,845,52,.148,1.2,15.8 
18,MIN,463,55,.250,1.5,22.0 
19,CHI,259,35,.431,1.9,21.4 
20,SEA,2129,76,.391,0.9,14.1 
Rk,Tm,MP,G,FTr,STL%,TOV% 
21,POR,38,8,.000,2.8,18.5 
22,DET,1079,60,.194,1.4,11.8 
23,SEA,1778,67,.257,2.4,16.2 
24,SAC,1010,62,.286,1.4,15.6 
25,BOS,845,40,.343,1.7,13.8 
26,PHI,30,5,.000,1.8,22.2 
27,IND,574,59,.366,0.7,16.3 
28,CHI,857,65,.275,1.8,15.7 
29,UTA,446,49,.265,0.7,14.6 
30,IND,2457,77,.287,2.4,12.5 
31,VAN,3190,82,.162,1.8,16.7 
32,MIN,1790,77,.291,1.5,14.4 
33,GSW,2352,69,.095,3.5,13.3 
34,TOT,1305,68,.282,1.6,18.1 
34,PHO,387,30,.319,1.7,25.1 
34,GSW,918,38,.275,1.6,16.6 
35,BOS,1098,64,.330,1.8,21.3 
36,TOR,34,3,.000,3.1,66.7 
37,CLE,19,6,1.000,0.0,14.8 
38,TOT,933,55,.310,1.6,15.6 
38,WAS,640,40,.268,1.4,16.1 
38,DAL,293,15,.393,2.1,14.7 
39,ATL,375,44,.351,1.4,7.7 
40,MIA,2685,82,.277,1.7,10.2 
Rk,Tm,MP,G,FTr,STL%,TOV% 
41,DEN,696,57,.306,2.8,12.8 
42,ATL,19,3,.000,0.0,33.3 
43,LAC,149,10,.270,1.8,11.3 
44,DAL,2001,82,.398,0.9,14.3 
45,CHI,2906,74,.388,1.3,13.3 
46,MIN,2821,78,.198,3.0,11.2 
47,TOT,339,26,.358,1.4,6.8 
47,GSW,74,6,.500,2.1,7.6 
47,CLE,265,20,.320,1.2,6.6 
48,ORL,155,7,.114,1.3,13.2 
49,CHH,2811,80,.373,1.5,14.2 
50,BOS,1238,54,.169,2.6,18.0 
51,TOT,208,22,.278,2.0,21.9 
51,BOS,142,7,.257,2.6,18.8 
51,NYK,66,15,.316,0.8,27.0 
52,LAL,2783,68,.369,2.1,11.1 
53,DAL,101,18,.250,0.5,18.4 
54,DAL,820,37,.422,2.1,10.6 
55,DET,737,57,.073,1.4,12.9 
56,PHI,573,47,.120,1.6,10.3 
57,HOU,1000,61,.046,0.5,3.7 
58,CHH,41,4,.267,3.9,0.0 
59,MIL,1460,70,.575,1.4,14.3 
60,NYK,2127,63,.388,1.7,8.5 
Rk,Tm,MP,G,FTr,STL%,TOV% 
61,CHH,2337,78,.487,1.4,12.4 
62,DET,126,15,.581,2.8,18.8 
63,BOS,309,35,.536,0.7,12.1 
64,MIA,1630,72,.215,2.5,18.5 
65,TOR,2979,75,.303,2.0,8.2 
66,MIL,2709,76,.285,1.7,14.7 
67,HOU,624,35,.514,1.1,15.5 
68,MIA,384,31,.294,1.1,19.3 
69,TOT,559,40,.188,1.5,11.4 
69,DET,166,13,.141,1.8,10.7 
69,MIA,393,27,.209,1.4,11.8 
70,DEN,153,9,.067,1.4,13.9 
71,TOT,1859,77,.212,1.7,29.9 
71,NYK,1309,51,.207,1.6,28.8 
71,TOR,550,26,.221,2.1,31.9 
72,SAC,2939,81,.396,3.2,14.3 
73,TOT,1720,81,.462,1.0,12.6 
73,DEN,752,35,.528,1.1,16.4 
73,TOR,968,46,.422,0.9,10.0 
74,DET,1268,78,.343,2.0,23.2 
75,GSW,32,6,.000,1.6,20.0 
76,CHH,683,34,.361,0.8,12.4 
77,CLE,804,47,.234,1.8,18.3 
78,HOU,222,23,.338,0.5,11.9 
79,TOT,44,13,.167,1.2,7.2 
79,ATL,14,3,.000,0.0,28.6 
79,HOU,30,10,.211,1.8,0.0 
80,TOR,117,15,.105,0.9,7.0 
Rk,Tm,MP,G,FTr,STL%,TOV% 
81,ATL,901,47,.307,1.2,16.8 
82,CHI,1050,61,.112,2.2,21.0 
83,IND,1874,81,.330,1.0,14.5 
84,UTA,264,31,.292,1.2,20.6 
85,GSW,1495,66,.224,2.3,13.8 
86,TOT,192,20,.404,1.9,22.4 
86,DAL,15,5,1.000,3.4,25.8 
86,GSW,177,15,.349,1.7,22.0 
87,TOR,956,71,.134,1.5,8.8 
88,DET,1485,68,.229,0.9,14.8 
89,GSW,1038,43,.401,0.8,18.2 
90,SAS,2060,79,.265,1.6,14.2 
91,TOT,209,27,.255,1.5,16.2 
91,TOR,140,17,.448,0.8,16.8 
91,DET,69,10,.000,2.9,15.4 
92,TOR,2729,78,.488,0.4,11.4 
93,CHH,3192,82,.352,2.9,17.0 
94,POR,2162,81,.312,1.1,10.8 
95,SEA,1290,62,.173,2.6,18.4 
96,TOT,1692,66,.143,1.1,15.0 
96,DAL,1261,51,.131,1.2,14.4 
96,WAS,431,15,.176,0.7,16.3 
97,MIA,70,7,.276,3.9,13.3 
98,DEN,228,19,.880,0.2,12.6 
99,MIN,345,31,.195,1.5,15.8 
100,ORL,903,67,.425,2.3,18.2 
Rk,Tm,MP,G,FTr,STL%,TOV% 
101,TOT,922,65,.188,1.5,11.8 
101,GSW,396,29,.178,0.8,13.4 
101,PHO,526,36,.194,2.0,10.8 
102,PHO,2288,82,.255,1.7,9.0 
103,SAS,207,33,.253,1.0,11.5 
104,VAN,2618,70,.265,1.2,12.5 
105,SAC,2420,81,.464,1.8,17.4 
106,ORL,1398,77,.112,1.4,9.6 
107,LAC,1237,76,.494,1.8,17.6 
108,NJN,1094,59,.380,1.7,18.3 
109,CHI,1305,48,.058,1.3,16.9 
110,PHO,613,53,.493,1.2,22.6 
111,SAS,3174,82,.471,1.2,12.5 
112,IND,263,24,.429,3.5,18.8 
113,VAN,634,46,.312,2.4,16.1 
114,DAL,2426,82,.187,2.1,12.3 
115,TOT,281,33,.654,0.9,11.8 
115,WAS,273,29,.688,0.9,12.2 
115,DAL,8,4,.000,0.0,0.0 
116,CHI,936,50,.232,2.8,13.6 
117,PHO,1506,68,.280,2.0,17.8 
118,SAS,1229,52,.248,1.0,11.9 
119,MIN,1948,82,.333,1.8,12.8 
120,SEA,40,9,.286,0.0,27.6 
Rk,Tm,MP,G,FTr,STL%,TOV% 
121,NJN,1331,74,.510,1.6,17.8 
122,SEA,2107,79,.367,1.3,16.0 
123,NJN,149,6,.522,2.8,19.8 
124,SAS,1688,80,.080,0.9,11.4 
125,DAL,3443,82,.209,1.8,10.1 
126,LAL,709,20,.332,2.9,11.9 
127,CHI,1580,72,.249,1.0,14.7 
128,GSW,203,6,1.080,0.5,11.9 
129,LAL,451,62,.105,1.0,15.2 
130,IND,1152,71,.427,1.8,17.0 
131,LAL,2291,82,.189,1.6,16.3 
132,GSW,1457,58,.181,1.1,16.3 
133,HOU,3194,80,.359,2.3,15.8 
134,MIA,77,10,.229,2.1,7.2 
135,SAC,698,59,.318,0.7,10.4 
136,TOT,73,13,.364,2.1,16.4 
136,PHO,62,10,.533,1.7,21.3 
136,GSW,11,3,.000,4.6,0.0 
137,GSW,149,8,.162,2.4,18.5 
138,MIN,3202,81,.317,1.8,12.0 
139,MIN,831,70,.250,1.6,12.6 
140,ORL,1579,76,.170,1.3,9.9 
Rk,Tm,MP,G,FTr,STL%,TOV% 
141,CLE,1670,74,.311,1.6,12.5 
142,PHI,542,35,.241,1.2,9.2 
143,LAL,593,59,.266,1.3,12.8 
144,NJN,152,8,.122,1.4,18.8 
145,NJN,892,31,.279,2.8,11.7 
146,ATL,929,57,.205,2.8,12.8 
147,DEN,201,20,.213,2.3,14.6 
148,CHI,133,12,.389,0.8,27.5 
149,MIA,2771,82,.350,1.2,12.7 
150,POR,17,4,.000,0.0,0.0 
151,LAL,2390,77,.297,1.1,6.9 
152,MIA,1411,82,.343,1.2,10.8 
153,BOS,377,44,.247,2.5,14.3 
154,PHO,1159,57,.203,2.1,11.0 
155,CHI,630,33,.094,0.8,10.7 
156,MIL,540,29,.613,1.6,24.5 
157,WAS,2519,78,.255,1.5,12.6 
158,LAC,19,3,.889,0.0,13.8 
159,MIN,30,7,.200,0.0,21.6 
160,PHO,112,4,.306,2.8,6.8 
Rk,Tm,MP,G,FTr,STL%,TOV% 
161,MIA,2613,77,.174,1.9,14.4 
162,LAL,1139,47,.177,1.8,17.5 
163,CLE,1615,56,.315,1.4,13.1 
164,IND,1892,78,.289,1.8,19.5 
165,TOT,1815,74,.442,1.0,19.3 
165,VAN,1267,44,.399,0.8,18.6 
165,NYK,548,30,.579,1.5,21.3 
166,NJN,2071,73,.223,1.9,8.5 
167,MIL,10,1,.000,0.0,66.7 
168,POR,72,12,.214,0.7,8.9 
169,DAL,65,18,1.143,2.4,25.0 
170,CHH,681,59,.460,2.6,10.3 
171,CLE,76,10,.000,1.4,40.0 
172,ATL,1810,73,.404,1.5,13.8 
173,CLE,961,55,.176,1.6,18.2 
174,BOS,408,25,.125,1.8,16.5 
175,ORL,133,4,.605,1.9,16.8 
176,PHI,2363,76,.465,0.8,15.2 
177,CHI,2247,74,.317,2.3,11.6 
178,LAL,1587,79,.218,1.8,15.9 
179,MIA,550,50,.142,1.3,11.8 
180,NYK,2858,78,.254,1.0,10.7 
Rk,Tm,MP,G,FTr,STL%,TOV% 
181,TOT,2974,81,.314,1.3,14.9 
181,WAS,1981,54,.310,1.2,15.2 
181,DAL,993,27,.325,1.5,14.0 
182,ORL,1008,75,.280,1.9,18.0 
183,GSW,1846,50,.313,2.7,14.2 
184,MIL,2002,82,.123,2.7,7.6 
185,CLE,616,24,.333,1.3,18.3 
186,PHI,2979,71,.397,3.2,10.0 
187,SAC,1648,79,.167,2.7,15.4 
188,SAS,114,16,.050,2.4,6.8 
189,TOT,1690,56,.267,1.6,15.5 
189,ATL,550,17,.392,1.8,15.9 
189,CLE,1140,39,.202,1.6,15.4 
190,GSW,1410,48,.378,1.2,13.6 
191,TOT,2588,83,.160,1.7,21.9 
191,TOR,1802,54,.189,1.8,21.1 
191,NYK,786,29,.094,1.5,23.6 
192,NJN,1660,77,.236,2.7,17.1 
193,MIN,59,14,.167,2.7,0.0 
194,CHH,197,30,.269,0.5,12.1 
195,GSW,3394,82,.295,1.7,8.9 
196,TOT,511,53,.217,2.4,17.0 
196,ATL,279,25,.239,3.2,20.3 
196,CLE,232,28,.198,1.4,13.7 
197,SAS,1290,55,.200,1.4,15.5 
198,ATL,1313,78,.223,1.7,17.8 
199,MIL,1981,82,.470,1.2,16.4 
200,NYK,2105,65,.214,1.0,12.9 
Rk,Tm,MP,G,FTr,STL%,TOV% 
201,VAN,1415,71,.125,1.3,14.8 
202,MIA,2282,63,.310,2.7,12.0 
203,PHI,866,65,.193,1.8,11.6 
204,WAS,638,45,.359,1.5,10.6 
205,TOT,16,4,.400,0.0,25.4 
205,TOR,8,2,.000,0.0,33.3 
205,DEN,8,2,.667,0.0,20.5 
206,GSW,836,67,.396,1.7,17.6 
207,POR,1083,68,.317,2.2,17.4 
208,SAS,650,55,.094,1.3,11.3 
209,MIL,243,22,.232,3.0,7.3 
210,IND,7,3,0.0,0.0,100.0 
211,PHO,3065,77,.367,2.8,18.3 
212,WAS,706,45,.256,1.0,19.4 
213,TOT,1457,53,.178,3.6,18.5 
213,CLE,93,6,.400,3.4,28.4 
213,ATL,1364,47,.169,3.6,18.0 
214,NYK,256,45,.340,1.1,14.1 
215,TOT,1597,65,.275,1.6,14.5 
215,PHI,979,48,.267,1.9,14.0 
215,ATL,618,17,.286,1.1,15.2 
216,TOT,1663,78,.370,2.2,17.6 
216,DAL,930,53,.254,2.2,16.3 
216,WAS,733,25,.535,2.2,19.2 
217,DEN,2457,78,.323,0.8,9.5 
218,CLE,1116,65,.243,1.8,13.1 
219,HOU,241,33,.293,1.5,6.7 
220,DEN,2331,80,.227,1.4,9.9 
Rk,Tm,MP,G,FTr,STL%,TOV% 
221,UTA,402,35,.171,1.3,11.4 
222,SEA,2720,78,.240,1.8,11.6 
223,GSW,7,2,.000,0.0,0.0 
224,SAC,20,9,.500,0.0,29.1 
225,VAN,1507,66,.492,2.5,13.8 
226,NYK,301,25,.315,0.6,26.4 
227,TOT,1565,70,.326,2.1,13.2 
227,WAS,1108,47,.377,1.9,12.8 
227,MIN,457,23,.217,2.4,14.0 
228,LAL,468,38,.205,2.1,17.5 
229,PHI,2649,82,.278,2.0,13.6 
230,PHI,597,63,.357,0.6,11.2 
231,MIA,76,8,.600,3.6,28.3 
232,LAL,641,70,.327,0.7,17.3 
233,LAC,1359,69,.591,1.4,14.7 
234,CHH,1095,74,.535,0.9,15.4 
235,MIA,1306,53,.170,2.2,11.2 
236,UTA,2895,81,.503,1.7,12.9 
237,ATL,1403,55,.098,2.1,16.2 
238,UTA,1305,82,.280,1.9,14.6 
239,NJN,2557,67,.359,1.6,11.8 
240,PHO,2857,79,.249,2.4,9.1 
Rk,Tm,MP,G,FTr,STL%,TOV% 
241,UTA,2326,81,.322,2.0,11.7 
242,SAC,176,31,.461,2.0,9.9 
243,NJN,2272,68,.247,1.8,13.8 
244,CHH,2989,76,.262,1.5,12.0 
245,MIA,3254,80,.497,1.4,13.3 
246,SEA,1522,78,.207,1.3,10.0 
247,VAN,823,52,.352,0.6,17.3 
248,TOT,660,43,.143,1.7,12.9 
248,PHI,375,24,.176,1.7,11.8 
248,DAL,285,19,.102,1.6,14.2 
249,BOS,478,60,.222,1.5,12.6 
250,DEN,58,6,.278,0.0,12.9 
251,DEN,2007,76,.276,1.4,13.7 
252,SEA,1143,70,.352,0.8,19.7 
253,DEN,2555,70,.373,0.9,10.7 
254,ORL,3087,77,.340,1.9,9.1 
255,NJN,193,18,.429,1.9,21.3 
256,LAC,2831,81,.173,1.4,10.1 
257,IND,987,66,.199,2.6,24.1 
258,PHI,2394,76,.272,2.3,20.3 
259,TOT,922,35,.154,1.3,14.1 
259,ATL,907,34,.155,1.3,13.9 
259,PHI,15,1,.000,0.0,33.3 
260,TOT,595,55,.269,2.2,16.3 
260,PHO,308,33,.250,2.0,17.8 
260,GSW,287,22,.283,2.3,15.1 
Rk,Tm,MP,G,FTr,STL%,TOV% 
261,LAL,39,7,.480,1.3,9.0 
262,CHI,2535,61,.203,1.7,9.6 
263,CLE,1166,59,.322,0.9,15.2 
264,LAC,2133,81,.378,1.3,16.7 
265,CLE,2848,82,.450,2.2,18.1 
266,TOT,11,4,.000,0.0,33.3 
266,ATL,6,2,.000,0.0,33.3 
266,HOU,3,1,0.0,0.0,0.0 
266,PHI,2,1,0.0,0.0,0.0 
267,CHI,1434,57,.585,1.2,13.1 
268,ORL,2390,82,.151,1.1,9.7 
269,IND,3181,81,.296,1.4,9.1 
270,GSW,493,15,.188,0.9,8.8 
271,IND,113,14,.000,1.4,22.7 
272,MIN,983,82,.190,1.4,10.3 
273,HOU,3002,79,.390,1.5,10.4 
274,TOT,912,58,.341,1.7,13.1 
274,PHI,196,30,.318,1.6,8.2 
274,ATL,716,28,.349,1.7,14.5 
275,BOS,135,24,.867,1.2,30.3 
276,TOT,649,54,.225,0.9,21.3 
276,DET,568,42,.215,0.7,21.8 
276,TOR,81,12,.294,2.0,17.2 
277,DET,1154,81,.485,1.1,18.5 
278,ATL,989,73,.325,0.6,17.5 
279,MIA,306,13,.390,0.7,14.5 
280,GSW,374,20,.264,2.2,13.8 
Rk,Tm,MP,G,FTr,STL%,TOV% 
281,CLE,2225,78,.228,2.0,12.2 
282,TOT,588,51,.169,1.1,8.9 
282,DEN,135,13,.182,1.5,9.2 
282,TOR,453,38,.166,0.9,8.8 
283,TOT,2591,75,.523,0.6,17.4 
283,ATL,1716,49,.435,0.6,17.9 
283,PHI,875,26,.678,0.5,16.5 
284,TOR,10,3,.500,0.0,0.0 
285,CHH,469,42,.316,1.0,14.8 
286,DAL,431,40,.297,1.6,11.9 
287,DAL,2387,70,.326,1.6,18.5 
288,TOT,1556,62,.200,1.7,10.1 
288,LAC,333,14,.187,1.6,7.0 
288,WAS,1223,48,.204,1.7,11.0 
289,MIN,1233,73,.204,1.1,13.7 
290,SAS,184,27,.291,0.6,10.1 
291,NJN,2049,82,.427,1.6,11.4 
292,HOU,1654,82,.470,2.2,17.7 
293,DAL,3125,82,.431,1.3,9.5 
294,IND,2641,81,.447,1.0,13.4 
295,LAL,2924,74,.684,0.8,10.5 
296,TOR,2767,78,.193,1.4,14.0 
297,LAC,2836,76,.369,1.4,17.8 
298,HOU,1545,58,.349,2.4,11.0 
299,TOT,925,70,.464,1.7,17.5 
299,NJN,161,19,.704,1.6,20.3 
299,PHI,764,51,.424,1.7,17.0 
300,LAC,2127,82,.220,0.8,17.9 
Rk,Tm,MP,G,FTr,STL%,TOV% 
301,UTA,1491,81,.537,0.8,15.3 
302,ORL,2534,80,.611,2.1,23.2 
303,TOT,475,21,.115,0.9,17.5 
303,BOS,144,7,.250,1.4,21.0 
303,CHH,15,2,.000,3.6,60.0 
303,NJN,316,12,.054,0.5,13.6 
304,DET,793,45,.174,2.0,13.6 
305,SEA,221,30,.324,1.7,20.6 
306,DEN,1260,74,.322,2.7,21.7 
307,UTA,127,27,.465,2.5,16.2 
308,BOS,1141,58,.345,2.2,20.6 
309,ATL,1,1,0.0,0.0,0.0 
310,TOT,1054,65,.161,1.3,12.3 
310,WAS,178,13,.447,1.7,18.0 
310,LAC,876,52,.114,1.2,11.1 
311,SEA,2059,76,.482,2.6,14.6 
312,SEA,3244,79,.223,2.1,10.7 
313,MIN,2126,75,.119,2.2,12.0 
314,LAL,851,53,.140,1.4,12.6 
315,POR,58,13,.444,2.8,0.0 
316,IND,999,64,.168,1.8,7.3 
317,TOT,499,49,.157,2.3,20.2 
317,ORL,39,6,.000,4.0,35.3 
317,PHO,460,43,.171,2.1,18.7 
318,CLE,958,44,.103,1.5,11.6 
319,TOR,1809,80,.215,1.8,9.6 
320,LAC,2144,81,.269,1.1,9.2 
Rk,Tm,MP,G,FTr,STL%,TOV% 
321,BOS,3120,82,.488,2.3,12.5 
322,POR,2133,64,.270,2.4,18.8 
323,SAC,1658,77,.433,1.5,12.3 
324,UTA,1619,81,.157,0.9,15.0 
325,MIL,942,63,.246,0.9,9.7 
326,GSW,1147,51,.317,2.0,10.4 
327,SAS,1678,80,.264,1.7,17.5 
328,DEN,2255,82,.239,2.1,13.5 
329,NYK,169,26,.500,1.3,20.5 
330,BOS,1901,82,.303,1.4,15.1 
331,VAN,30,6,.636,3.5,22.1 
332,WAS,605,35,.317,3.1,22.1 
333,MIL,270,33,.314,0.6,24.6 
334,PHI,1800,50,.475,0.9,18.6 
335,CHH,403,43,.158,0.8,18.1 
336,MIL,35,6,.316,1.5,4.4 
337,VAN,1832,75,.257,1.2,12.8 
338,ORL,764,65,.517,1.6,21.2 
339,CLE,39,6,1.600,2.7,10.5 
340,NYK,2212,75,.242,1.0,10.3 
Rk,Tm,MP,G,FTr,STL%,TOV% 
341,LAC,1358,76,.301,1.7,9.7 
342,WAS,1216,37,.317,1.8,12.8 
343,LAL,1206,67,.176,1.2,16.2 
344,CHH,13,3,.000,0.0,50.0 
345,PHO,2751,82,.301,1.6,12.2 
346,SAS,2371,80,.571,1.8,10.6 
347,CHH,1201,67,.216,2.2,8.8 
348,MIL,2813,76,.210,1.6,12.1 
349,MIA,72,6,.000,4.6,12.0 
350,ORL,50,6,.000,4.1,26.7 
351,TOT,632,34,.130,2.3,11.4 
351,CLE,1,1,0.0,0.0,100.0 
351,ATL,631,33,.130,2.3,11.0 
352,HOU,544,39,.473,1.0,11.3 
353,PHO,2183,82,.282,2.3,13.8 
354,LAC,1553,82,.362,1.2,13.7 
355,IND,2943,72,.277,1.2,13.2 
356,SAS,1219,57,.435,2.6,14.4 
357,CHI,879,45,.856,1.8,27.1 
358,UTA,2473,78,.407,2.1,12.0 
359,POR,1299,61,.302,1.7,12.7 
360,NJN,226,34,.500,0.5,6.4 
Rk,Tm,MP,G,FTr,STL%,TOV% 
361,TOT,150,29,.071,3.9,17.2 
361,ATL,34,5,.000,3.1,30.0 
361,PHI,116,24,.095,4.1,12.1 
362,PHO,581,54,.455,1.5,22.6 
363,POR,397,26,.284,0.9,20.8 
364,SAS,144,27,.537,1.9,17.8 
365,LAL,1833,80,.156,1.4,18.1 
366,LAC,584,39,.366,1.3,14.6 
367,MIN,686,55,.629,1.4,16.1 
368,SAC,66,9,.273,3.1,10.9 
369,DET,1941,69,.375,1.2,9.0 
370,WAS,1610,79,.706,1.8,17.8 
371,WAS,180,17,.271,1.4,9.6 
372,POR,2542,81,.440,1.0,12.7 
373,ATL,78,6,.087,4.7,27.4 
374,PHI,1740,50,.354,2.3,19.8 
375,NYK,113,18,1.250,1.0,26.2 
376,NYK,3017,77,.288,1.9,13.7 
377,DET,3215,80,.420,1.5,12.5 
378,UTA,2122,75,.162,1.8,11.3 
379,NJN,280,29,.386,1.9,15.6 
380,UTA,293,40,.418,1.8,20.6 
Rk,Tm,MP,G,FTr,STL%,TOV% 
381,TOR,123,26,.529,1.7,10.7 
382,BOS,2504,78,.339,1.9,11.4 
383,UTA,2397,82,.427,2.9,20.8 
384,SAC,2905,75,.262,1.6,9.9 
385,POR,2655,82,.221,2.1,15.7 
386,TOT,830,50,.296,2.9,13.7 
386,NYK,421,28,.214,2.9,12.8 
386,VAN,409,22,.375,2.8,14.6 
387,TOT,719,55,.293,1.2,11.2 
387,DEN,517,46,.319,1.2,10.2 
387,NJN,202,9,.204,1.0,14.5 
388,TOT,1371,54,.403,2.0,17.5 
388,WAS,1020,33,.444,2.2,17.3 
388,POR,351,21,.265,1.5,18.0 
389,LAC,491,28,.316,1.5,14.2 
390,IND,120,11,.122,0.9,6.5 
391,GSW,1684,53,.365,1.6,21.0 
392,VAN,1312,80,.416,2.5,13.8 
393,MIN,2856,82,.226,1.1,12.0 
394,IND,777,55,.253,0.7,21.6 
395,CHI,598,43,.333,0.6,25.1 
396,HOU,1972,69,.203,0.8,12.6 
397,ATL,3089,82,.262,1.8,13.6 
398,NJN,56,5,.000,2.8,24.0 
399,HOU,1820,74,.271,1.2,18.2 
400,NYK,2125,77,.342,1.6,12.3 
Rk,Tm,MP,G,FTr,STL%,TOV% 
401,MIL,2086,76,.334,1.9,11.6 
402,CHH,647,49,.183,1.0,18.4 
403,CLE,1212,70,.435,2.1,20.2 
404,DAL,319,33,.277,2.1,13.1 
405,PHO,947,57,.423,0.5,20.6 
406,SAC,1245,74,.334,2.1,12.5 
407,DEN,2688,71,.224,1.2,11.9 
408,NJN,1733,49,.263,1.2,11.5 
409,WAS,411,22,.455,2.9,21.9 
410,UTA,1620,82,.417,1.6,21.7 
411,TOT,549,51,.059,2.0,13.0 
411,DAL,392,37,.050,2.0,12.7 
411,WAS,157,14,.083,2.0,13.9 
412,CHI,143,16,.560,1.9,27.8 
413,BOS,3396,81,.202,2.1,13.8 
414,SAS,963,61,.492,0.6,18.2 
415,DET,2760,80,.542,2.0,17.7 
416,DET,527,40,.191,1.2,12.3 
417,POR,2940,77,.272,1.6,10.7 
418,NYK,1492,61,.188,2.6,21.7 
419,CLE,2774,82,.421,1.6,12.0 
420,SAC,2836,70,.282,1.7,9.6 
Rk,Tm,MP,G,FTr,STL%,TOV% 
421,POR,1995,75,.331,2.5,16.9 
422,CHH,3106,82,.274,2.2,11.0 
423,VAN,171,15,.184,0.9,8.9 
424,WAS,1609,68,.765,1.0,20.0 
425,WAS,1532,59,.240,1.9,16.5 
426,NJN,2336,82,.477,1.3,14.4 
427,TOR,2394,82,.189,2.7,11.0 
428,BOS,1745,81,.516,1.9,12.1 
429,SAC,2290,77,.110,2.1,18.1 
430,TOT,1182,59,.459,2.5,15.1 
430,DET,804,33,.448,2.5,16.3 
430,TOR,378,26,.484,2.5,12.4 
431,ORL,1211,82,.365,1.2,16.7 
432,MIL,1272,66,.194,2.0,9.5 
433,SEA,1238,69,.261,1.3,16.7 
434,HOU,1583,72,.246,1.0,11.4 
435,TOT,1686,69,.366,1.5,12.8 
435,TOR,886,42,.400,0.9,14.5 
435,DET,800,27,.332,2.2,10.9 
436,TOT,1830,78,.213,1.6,10.3 
436,TOR,771,35,.301,1.3,11.6 
436,DEN,1059,43,.157,1.9,9.5 
437,SEA,9,1,.000,0.0,0.0 
438,SEA,305,34,.430,1.0,11.3 
439,CHI,2363,76,.344,3.5,14.5 
440,ATL,1988,71,.266,1.1,12.1 
Rk,Tm,MP,G,FTr,STL%,TOV% 
