Rk,Tm,MP,G,FTr,STL%,TOV% 
1,DAL,204,14,.103,1.5,10.3 
2,ATL,3087,81,.457,1.5,13.0 
3,NOH,1360,66,.289,1.2,10.7 
4,MIA,2318,80,.153,0.9,13.2 
5,TOT,2880,76,.253,1.9,11.6 
5,MIL,1683,47,.243,1.8,11.6 
5,SEA,1197,29,.268,2.1,11.5 
6,TOR,980,47,.161,2.1,19.3 
7,UTA,474,50,.441,1.6,19.4 
8,DEN,907,59,.491,1.7,14.8 
9,POR,2556,76,.323,1.9,11.9 
10,TOT,1135,61,.149,2.8,15.6 
10,SEA,689,38,.151,3.2,11.8 
10,NOH,446,23,.147,2.2,20.8 
11,NYK,1731,82,.354,2.2,15.5 
12,MEM,72,12,.900,0.0,20.0 
13,GSW,2866,82,.397,2.2,17.3 
14,NJN,69,17,.222,2.3,14.4 
15,ORL,2350,82,.292,3.0,18.1 
16,UTA,287,44,.202,2.2,20.2 
17,DET,1398,65,.105,1.1,13.7 
18,NOH,862,70,.375,1.7,15.2 
19,CHI,76,10,.154,2.0,15.3 
20,BOS,942,52,.517,1.2,19.4 
Rk,Tm,MP,G,FTr,STL%,TOV% 
21,SEA,2480,75,.279,2.5,18.0 
22,DET,1473,80,.236,2.4,14.8 
23,TOR,106,16,.480,2.0,16.5 
24,SAS,46,12,.118,0.0,25.1 
25,MEM,1248,75,.188,1.7,12.0 
26,BOS,1683,67,.320,1.0,10.2 
27,MEM,2383,78,.255,2.2,9.7 
28,CHI,682,55,.500,0.7,15.5 
29,DAL,1173,75,.161,2.3,16.0 
30,IND,819,46,.331,0.5,12.6 
31,ATL,152,9,.372,0.3,10.7 
32,MIA,1807,72,.211,1.3,14.3 
33,SAC,1835,55,.267,2.0,14.0 
34,DET,2327,74,.416,1.5,11.5 
35,CHI,836,50,.261,2.0,22.3 
36,TOT,1403,81,.401,1.6,20.2 
36,DEN,885,54,.371,1.3,18.4 
36,BOS,518,27,.500,2.0,25.3 
37,SEA,575,47,.395,1.0,13.6 
38,CLE,2049,81,.311,1.5,12.8 
39,POR,5,2,.000,10.7,0.0 
40,SAS,2566,82,.186,1.4,12.2 
Rk,Tm,MP,G,FTr,STL%,TOV% 
41,DEN,996,62,.208,3.4,16.7 
42,GSW,1321,68,.431,1.5,11.7 
43,TOR,1314,67,.213,0.7,18.1 
44,DAL,1731,81,.467,1.9,12.9 
45,LAC,2454,62,.396,1.5,13.2 
46,BOS,1503,64,.239,1.3,10.3 
47,IND,80,10,.529,1.3,22.3 
48,IND,111,22,.526,0.9,13.0 
49,TOR,115,5,.229,0.5,13.5 
50,TOT,93,10,.229,2.3,18.9 
50,SAS,22,7,.200,0.0,31.5 
50,DEN,71,3,.240,3.0,12.6 
51,BOS,666,51,.187,2.7,11.1 
52,WAS,1773,80,.432,1.5,15.5 
53,NOH,2609,78,.386,1.4,12.2 
54,PHO,262,32,.279,3.4,26.0 
55,CLE,168,15,.237,4.0,25.2 
56,CHI,196,17,.240,2.6,23.5 
57,LAL,3401,82,.371,2.8,11.4 
58,TOT,100,16,.211,0.5,25.2 
58,PHI,77,11,.118,0.7,21.9 
58,DEN,14,3,2.000,0.0,51.5 
58,BOS,9,2,.000,0.0,0.0 
59,PHI,1514,75,.204,2.5,12.5 
60,ORL,783,62,.196,1.3,12.8 
Rk,Tm,MP,G,FTr,STL%,TOV% 
61,MIA,2858,78,.363,2.6,13.8 
62,MIA,1514,72,.182,0.8,11.1 
63,MIL,894,51,.427,1.1,16.0 
64,DEN,616,29,.220,1.7,9.8 
65,TOT,869,56,.461,2.0,12.4 
65,NOH,685,41,.466,1.9,12.4 
65,SEA,184,15,.438,2.7,12.3 
66,WAS,15,5,.500,0.0,17.0 
67,MIA,912,49,.215,2.7,24.1 
68,TOR,1471,43,.211,1.7,8.2 
69,MIL,2700,78,.385,1.7,11.5 
70,HOU,1247,73,.484,1.6,15.3 
71,CHI,1827,75,.601,1.0,18.1 
72,UTA,2351,81,.106,1.5,13.7 
73,NJN,106,12,.150,4.0,22.0 
74,SAC,2710,80,.312,3.3,18.5 
75,SAC,1780,80,.284,1.1,15.6 
76,SAS,471,30,.393,2.5,17.1 
77,SAC,55,12,.174,1.8,36.1 
78,PHI,1742,64,.343,1.6,14.3 
79,TOT,691,35,.250,1.3,13.1 
79,CLE,516,21,.286,1.1,11.8 
79,BOS,175,14,.163,1.8,16.0 
80,HOU,104,13,.056,1.0,5.1 
Rk,Tm,MP,G,FTr,STL%,TOV% 
81,UTA,421,22,.721,0.6,14.4 
82,NJN,1900,81,.698,1.3,16.1 
83,ATL,38,5,.615,2.8,10.8 
84,CHI,1992,80,.160,2.0,13.4 
85,IND,633,49,.311,0.5,10.5 
86,DEN,180,12,.366,0.9,15.9 
87,CHI,1571,81,.501,0.6,16.4 
88,DET,1555,78,.197,1.6,14.7 
89,GSW,1978,82,.425,0.7,15.3 
90,POR,872,67,.409,2.0,12.7 
91,TOR,1894,53,.437,0.6,13.4 
92,NOH,1889,50,.164,2.6,14.1 
93,POR,2282,78,.379,1.2,12.2 
94,ATL,340,24,.250,1.9,20.4 
95,DET,328,43,.076,0.8,11.9 
96,CLE,3131,79,.316,2.0,14.2 
97,ORL,1327,77,.373,1.5,20.5 
98,BOS,1873,67,.155,2.0,10.3 
99,ATL,515,50,.153,1.4,22.6 
100,MEM,87,6,.208,3.0,18.6 
Rk,Tm,MP,G,FTr,STL%,TOV% 
101,CLE,943,80,.195,1.8,25.1 
102,SAC,2384,80,.383,1.8,16.6 
103,WAS,647,42,.170,2.2,12.6 
104,NYK,1041,75,.134,0.8,11.9 
105,LAC,969,55,.173,1.3,14.5 
106,NOH,79,13,.000,1.4,10.0 
107,SEA,1984,82,.146,1.3,7.2 
108,POR,11,3,.000,0.0,0.0 
109,SAS,3181,81,.455,0.9,12.9 
110,GSW,1305,82,.240,2.1,15.7 
111,NYK,2243,82,.167,1.7,18.1 
112,MIA,784,55,.252,1.0,9.6 
113,LAC,802,52,.398,0.7,18.6 
114,DAL,135,17,.211,3.8,22.4 
115,SEA,1365,67,1.100,1.5,20.0 
116,SAS,601,64,.105,0.6,17.2 
117,DAL,2642,69,.193,1.5,8.1 
118,LAL,2829,82,.161,1.7,10.2 
119,CHI,809,38,.350,0.9,11.4 
120,PHO,31,11,.333,0.0,16.2 
Rk,Tm,MP,G,FTr,STL%,TOV% 
121,SEA,86,17,.171,2.5,21.0 
122,GSW,223,17,.537,2.1,18.3 
123,TOR,539,29,.262,0.1,18.1 
124,IND,802,77,.354,1.8,14.2 
125,LAC,573,37,.461,2.3,11.5 
126,LAL,2181,76,.111,1.6,15.7 
127,GSW,1787,82,.301,1.1,15.7 
128,HOU,3318,81,.454,2.3,16.0 
129,SAC,229,27,.236,0.2,7.0 
130,MIL,760,49,.386,1.5,13.7 
131,MIN,3321,82,.339,1.8,11.9 
132,ORL,2584,81,.134,1.2,8.9 
133,MEM,2948,82,.506,0.6,13.5 
134,LAL,1613,71,.228,1.8,11.4 
135,MIN,2068,82,.238,2.0,12.6 
136,SAS,1431,69,.431,3.6,17.5 
137,TOT,2148,76,.228,1.3,14.1 
137,MEM,1187,49,.224,1.0,15.2 
137,ORL,961,27,.234,1.6,12.5 
138,ATL,1890,76,.250,2.0,13.1 
139,TOT,85,15,.280,1.9,17.6 
139,SAS,51,10,.111,3.1,9.6 
139,WAS,34,5,.714,0.0,30.3 
140,TOT,1873,70,.273,1.5,14.7 
140,MEM,1329,51,.229,1.5,14.2 
140,ORL,544,19,.398,1.4,16.0 
Rk,Tm,MP,G,FTr,STL%,TOV% 
141,MIA,2641,82,.303,1.3,14.4 
142,ORL,85,5,.000,1.8,3.8 
143,DAL,1373,74,.095,2.9,11.8 
144,HOU,1890,77,.139,1.5,9.6 
145,PHO,447,27,.068,1.6,18.6 
146,GSW,9,2,.000,5.7,20.0 
147,MIL,441,39,.248,0.8,11.0 
148,ATL,926,75,.497,0.9,25.1 
149,DET,2640,82,.411,1.3,11.6 
150,TOR,12,3,.400,4.5,14.5 
151,PHO,1777,58,.169,1.9,19.1 
152,IND,127,10,.082,3.7,17.8 
153,UTA,2557,78,.325,1.5,12.1 
154,TOT,111,19,.108,0.9,4.9 
154,DAL,37,13,.118,1.4,10.1 
154,DEN,74,6,.100,0.7,0.0 
155,IND,2467,82,.306,1.5,13.8 
156,DEN,2003,82,.240,2.1,23.3 
157,NYK,1850,74,.339,0.3,15.0 
158,NJN,1973,77,.262,1.4,8.1 
159,ATL,32,4,.000,1.6,37.5 
160,DEN,1613,77,.319,1.6,16.4 
Rk,Tm,MP,G,FTr,STL%,TOV% 
161,CHI,1999,82,.140,1.2,16.6 
162,NOH,57,12,.235,0.0,27.2 
163,HOU,685,58,.135,2.3,15.6 
164,WAS,1930,81,.723,0.9,12.7 
165,ATL,1494,82,.422,1.2,13.6 
166,DEN,2258,80,.551,3.0,19.1 
167,ORL,843,29,.469,1.7,18.5 
168,TOT,1351,56,.261,1.8,16.6 
168,CLE,855,32,.228,1.9,19.3 
168,PHI,496,24,.321,1.6,11.4 
169,CHI,784,63,.397,2.6,14.5 
170,LAL,2343,80,.282,2.1,17.3 
171,MIA,1025,55,.081,2.3,9.1 
172,NYK,3108,82,.270,0.9,9.8 
173,DEN,2730,77,.278,1.5,11.8 
174,MIN,2600,79,.242,1.2,14.7 
175,TOR,76,7,.320,0.7,9.5 
176,WAS,2137,67,.251,2.2,14.2 
177,TOT,444,48,.325,1.0,14.4 
177,ORL,322,35,.329,0.6,17.7 
177,MEM,122,13,.314,2.1,4.8 
178,TOR,673,29,.156,2.8,15.0 
179,ORL,447,33,.427,1.0,10.9 
180,CLE,2432,81,.456,1.2,13.5 
Rk,Tm,MP,G,FTr,STL%,TOV% 
181,PHI,3485,82,.379,3.4,11.2 
182,SAC,1676,59,.204,2.1,11.7 
183,TOT,559,53,.500,1.8,20.2 
183,TOR,286,24,.397,1.7,19.2 
183,ATL,273,29,.667,1.9,21.6 
184,SAC,1309,63,.119,1.2,14.1 
185,MIN,1041,77,.427,1.2,12.5 
186,UTA,1467,82,.217,1.8,27.3 
187,SAS,2254,80,.224,3.0,16.4 
188,PHO,1147,72,.321,1.6,12.8 
189,SEA,766,51,.397,0.9,21.6 
190,MIA,1722,78,.243,2.0,14.3 
191,GSW,3226,82,.323,1.2,9.5 
192,LAC,1379,66,.235,3.7,17.3 
193,TOR,666,51,.222,1.5,17.4 
194,NJN,2879,80,.479,1.5,12.4 
195,WAS,292,20,.460,1.5,21.7 
196,NJN,842,66,.320,2.3,13.5 
197,DAL,430,48,.260,1.8,14.8 
198,MIL,1170,69,.326,1.5,18.1 
199,PHO,2255,82,.156,1.4,11.3 
200,MIA,156,16,.162,0.4,13.1 
Rk,Tm,MP,G,FTr,STL%,TOV% 
201,SAC,709,49,.129,1.3,9.4 
202,MIA,1789,47,.334,2.0,9.7 
203,IND,115,19,.167,2.7,18.9 
204,CLE,2204,80,.117,1.6,12.5 
205,DAL,222,26,.177,1.2,18.3 
206,WAS,3031,82,.212,2.2,9.4 
207,ORL,1633,79,.307,2.1,15.1 
208,SAS,952,75,.133,1.5,11.4 
209,NJN,2989,80,.324,3.1,17.2 
210,UTA,2213,80,.576,2.9,14.5 
211,NJN,1951,65,.190,2.7,6.7 
212,MEM,928,55,.162,3.9,27.8 
213,NYK,287,32,.200,1.5,12.4 
214,MIL,1704,63,.336,2.5,15.6 
215,WAS,2215,76,.279,2.0,13.1 
216,DAL,1611,69,.171,1.1,7.7 
217,MIA,487,35,.636,0.8,13.2 
218,PHO,541,60,.099,1.5,7.1 
219,TOR,1929,63,.240,1.6,10.3 
220,SEA,3044,77,.300,1.8,9.9 
Rk,Tm,MP,G,FTr,STL%,TOV% 
221,NOH,12,2,.500,0.0,0.0 
222,TOT,211,26,.133,1.3,20.1 
222,PHI,131,19,.100,0.8,14.7 
222,TOR,80,7,.200,2.0,28.8 
223,BOS,488,41,.329,1.0,19.2 
224,WAS,1986,75,.182,1.3,11.1 
225,NOH,1497,81,.206,2.4,11.7 
226,PHI,812,42,.332,1.2,11.4 
227,HOU,35,9,.667,4.6,16.2 
228,LAL,781,54,.374,1.0,12.5 
229,LAC,2006,64,.524,1.4,13.4 
230,NOH,2443,82,.507,1.1,16.9 
231,UTA,2936,81,.482,2.5,11.8 
232,ATL,103,14,.200,2.0,15.5 
233,DET,89,13,.188,5.6,16.8 
234,PHO,3240,81,.305,1.7,13.2 
235,PHO,3373,81,.201,2.9,9.0 
236,MIA,223,23,.254,1.2,17.6 
237,NJN,6,3,.000,0.0,25.0 
238,CHI,2378,78,.241,2.0,11.7 
239,NJN,2628,77,.362,2.0,13.3 
240,NOH,3321,82,.233,1.3,11.6 
Rk,Tm,MP,G,FTr,STL%,TOV% 
241,MIL,2119,65,.298,0.8,15.1 
242,TOT,2763,80,.278,1.3,9.2 
242,SEA,1811,52,.271,1.4,9.0 
242,MIL,952,28,.291,1.1,9.4 
243,CHI,113,17,.065,1.8,13.6 
244,UTA,792,58,.362,1.2,15.7 
245,BOS,1949,82,.234,2.1,12.7 
246,ATL,70,11,.235,2.3,9.6 
247,TOR,1367,67,.319,1.1,17.6 
248,ORL,2954,75,.400,2.2,8.4 
249,POR,1311,75,.158,0.9,14.2 
250,PHI,2374,80,.201,2.9,13.1 
251,LAL,620,58,.167,0.9,11.8 
252,IND,1671,72,.136,1.5,7.9 
253,CLE,809,52,.366,1.1,12.6 
254,CLE,2008,67,.241,1.7,20.0 
255,LAC,2913,80,.421,1.8,15.8 
256,IND,2270,73,.535,1.5,12.5 
257,TOT,2186,65,.217,1.0,11.7 
257,ORL,1826,49,.212,1.0,11.3 
257,MEM,360,16,.238,0.9,13.5 
258,IND,2117,70,.361,1.5,8.2 
259,GSW,262,21,.170,1.4,8.1 
260,HOU,2382,82,.461,0.7,15.2 
Rk,Tm,MP,G,FTr,STL%,TOV% 
261,HOU,3044,73,.264,1.7,12.2 
262,ATL,445,35,.258,1.9,12.4 
263,NOH,644,51,.240,1.6,19.6 
264,TOT,43,8,.769,0.0,10.3 
264,BOS,12,3,.000,0.0,0.0 
264,ATL,31,5,.833,0.0,10.9 
265,HOU,632,49,.080,0.7,13.7 
266,GSW,2510,79,.387,1.3,11.2 
267,TOT,62,14,.258,3.4,18.8 
267,MIL,42,12,.308,5.1,11.9 
267,SEA,20,2,.000,0.0,44.4 
268,LAL,193,31,.127,1.3,15.7 
269,NJN,514,24,.420,0.4,18.0 
270,TOR,364,22,.490,1.2,15.3 
271,HOU,77,14,.323,1.4,14.5 
272,NYK,405,38,.268,0.8,13.1 
273,DAL,1103,48,.394,1.9,7.8 
274,DAL,2711,82,.304,1.6,13.2 
275,MIN,2337,77,.125,0.9,11.0 
276,ATL,1931,73,.193,1.4,12.0 
277,HOU,1375,82,.345,2.2,18.4 
278,DAL,3117,80,.368,1.8,8.1 
279,IND,2864,77,.405,1.2,10.8 
280,LAL,2535,67,.599,0.8,11.4 
Rk,Tm,MP,G,FTr,STL%,TOV% 
281,WAS,514,42,.618,1.4,23.1 
282,LAC,1679,49,.286,1.3,16.9 
283,DET,1366,72,.310,1.0,12.1 
284,GSW,93,15,.276,3.8,23.5 
285,TOT,1897,82,.404,2.0,12.2 
285,MIL,1127,53,.357,1.7,10.9 
285,SEA,770,29,.468,2.3,13.8 
286,LAC,1369,36,.241,0.7,16.9 
287,UTA,1926,81,.601,0.6,20.1 
288,PHO,1800,80,.417,1.5,18.8 
289,MEM,6,1,.000,0.0,25.0 
290,ORL,145,27,.478,1.8,15.2 
291,NOH,440,28,.426,3.1,20.7 
292,UTA,1321,82,.253,1.7,13.0 
293,CLE,1976,80,.224,1.8,23.5 
294,LAL,342,34,.043,2.0,19.5 
295,CLE,1103,66,.349,2.2,25.4 
296,SAS,2774,82,.278,1.4,14.5 
297,LAC,648,30,.233,1.3,9.1 
298,POR,1655,78,.426,2.4,16.0 
299,TOT,3208,80,.240,2.2,10.3 
299,SEA,2123,52,.236,2.4,10.7 
299,MIL,1085,28,.249,2.0,9.6 
300,MIN,2245,82,.082,1.7,11.5 
Rk,Tm,MP,G,FTr,STL%,TOV% 
301,MEM,1941,66,.161,1.1,8.0 
302,TOR,2949,82,.230,1.6,9.8 
303,LAC,1360,62,.274,1.3,10.1 
304,BOS,3096,79,.473,2.4,13.0 
305,POR,1911,64,.248,3.0,19.9 
306,SAC,325,23,.437,2.0,12.6 
307,TOT,2518,83,.327,2.3,14.3 
307,DEN,872,25,.315,1.8,15.2 
307,HOU,1646,58,.336,2.5,13.7 
308,NYK,98,12,.395,1.1,13.6 
309,SEA,403,26,.312,1.2,19.1 
310,DET,435,42,.144,1.3,14.3 
311,MIL,546,32,.522,1.0,25.1 
312,SEA,1910,72,.153,1.8,12.3 
313,MIN,244,42,.621,0.9,23.8 
314,POR,1301,77,.313,1.7,9.6 
315,ATL,2518,81,.360,1.2,16.6 
316,DET,488,30,.331,0.7,14.9 
317,MIL,2316,82,.191,2.3,6.6 
318,DET,10,1,.667,0.0,0.0 
319,PHI,144,35,.153,2.2,6.0 
320,HOU,1532,62,.182,0.8,10.0 
Rk,Tm,MP,G,FTr,STL%,TOV% 
321,GSW,2698,82,.233,1.7,12.3 
322,LAC,1368,59,.227,1.3,9.6 
323,DAL,91,11,.000,1.7,14.6 
324,DET,2825,81,.255,1.7,13.2 
325,SAS,1676,64,.510,1.7,13.9 
326,CHI,1355,64,.200,2.3,13.2 
327,ATL,2591,69,.245,1.9,15.2 
328,NJN,1303,68,.198,2.0,15.5 
329,LAC,1344,70,.195,1.3,17.0 
330,CHI,3351,82,.295,1.1,13.7 
331,SAS,1933,79,.486,1.6,18.2 
332,GSW,4,3,0.0,0.0,0.0 
333,LAL,872,76,.094,0.6,19.9 
334,WAS,1388,70,.225,2.7,14.1 
335,POR,1209,78,.454,2.7,14.8 
336,PHI,504,64,.302,1.8,18.1 
337,LAL,77,13,.083,0.0,7.4 
338,MIL,8,5,.000,6.6,0.0 
339,DET,37,9,.000,7.5,28.6 
340,ORL,1025,75,.377,2.3,13.9 
Rk,Tm,MP,G,FTr,STL%,TOV% 
341,TOT,502,39,.137,2.1,18.1 
341,DEN,420,22,.139,2.3,17.1 
341,PHI,82,17,.111,1.3,27.0 
342,DEN,256,27,.312,2.9,16.6 
343,NJN,724,59,.213,1.2,19.9 
344,SEA,448,45,.196,1.7,17.7 
345,LAL,900,72,.057,1.8,16.8 
346,ATL,5,2,.000,0.0,0.0 
347,WAS,378,36,.313,1.4,5.9 
348,PHI,1381,77,.486,1.8,13.4 
349,MIN,141,26,.900,2.2,11.4 
350,NJN,274,36,.097,2.7,15.7 
351,POR,13,3,1.000,4.1,14.8 
352,MIN,1117,54,.399,0.7,10.0 
353,SAS,1032,53,.392,1.4,11.2 
354,PHI,3108,82,.474,2.2,16.7 
355,NYK,2859,74,.193,1.9,12.3 
356,WAS,2747,70,.431,1.3,11.9 
357,MIA,1594,79,.314,1.5,12.4 
358,UTA,760,61,.239,1.6,13.5 
359,CLE,251,47,.324,0.4,19.1 
360,UTA,2275,82,.448,3.2,19.2 
Rk,Tm,MP,G,FTr,STL%,TOV% 
361,SAC,2450,72,.255,1.5,8.1 
362,POR,1315,59,.161,1.6,15.6 
363,PHO,2570,82,.583,1.3,15.3 
364,IND,1275,71,.229,1.6,19.0 
365,DAL,13,4,.000,0.0,16.7 
366,MIN,956,47,.385,2.5,18.9 
367,BOS,138,26,.036,2.3,13.7 
368,GSW,1130,55,.451,2.0,17.3 
369,MEM,1478,67,.501,1.9,14.2 
370,MIN,1836,52,.237,1.3,9.8 
371,HOU,1377,67,.258,0.9,14.4 
372,ATL,3081,81,.256,2.2,16.4 
373,WAS,513,38,.758,0.8,16.6 
374,TOT,1978,66,.352,1.7,15.2 
374,HOU,586,20,.237,1.5,16.0 
374,PHI,1392,46,.412,1.7,14.8 
375,NYK,2577,81,.179,1.7,11.1 
376,MIL,2358,80,.200,1.6,11.6 
377,IND,2237,73,.201,2.9,24.1 
378,GSW,109,17,.556,1.9,15.2 
379,NOH,851,69,.371,2.8,16.1 
380,MIN,1222,80,.260,1.4,12.0 
Rk,Tm,MP,G,FTr,STL%,TOV% 
381,DEN,97,8,.175,4.3,15.7 
382,MEM,86,15,.500,0.0,24.7 
383,PHO,543,33,.430,0.6,13.9 
384,DEN,1320,81,.165,1.2,16.6 
385,SAC,1175,67,.281,1.1,10.2 
386,DAL,2026,73,.173,1.1,12.1 
387,PHI,2337,74,.252,1.4,12.4 
388,ORL,1686,80,.304,2.0,17.2 
389,PHO,947,65,.589,1.0,19.0 
390,CLE,1385,47,.264,1.4,11.2 
391,BOS,3235,78,.184,1.9,13.4 
392,LAL,1243,67,.369,0.8,15.0 
393,DET,2873,73,.432,2.0,14.5 
394,SAC,571,47,.404,2.1,17.0 
395,POR,2684,74,.249,1.4,10.3 
396,NYK,1465,66,.128,2.8,17.8 
397,MEM,1366,79,.220,3.4,17.0 
398,NYK,2024,79,.469,1.8,11.2 
399,SAC,2622,67,.247,2.0,11.9 
400,POR,2396,75,.316,2.8,16.0 
Rk,Tm,MP,G,FTr,STL%,TOV% 
401,GSW,234,37,.387,1.7,17.8 
402,NOH,2710,73,.229,2.2,10.4 
403,WAS,230,16,.472,0.2,12.3 
404,DEN,1563,72,.196,1.5,18.4 
405,TOT,1052,51,.198,1.4,15.8 
405,DEN,762,29,.218,1.2,16.1 
405,ORL,290,22,.136,2.1,14.6 
406,LAC,479,46,.357,0.8,13.8 
407,TOT,688,46,.318,2.1,14.2 
407,ATL,364,15,.358,2.3,14.6 
407,MIN,324,31,.269,1.8,13.8 
408,NJN,1597,81,.296,0.9,14.6 
409,TOR,2638,78,.264,2.2,11.2 
410,ATL,19,6,.000,5.6,30.0 
411,BOS,2350,82,.466,1.9,12.3 
412,NYK,167,21,.182,2.2,32.3 
413,MEM,2407,76,.153,2.0,15.5 
414,CHI,1961,75,.235,2.3,18.4 
415,TOR,2346,71,.525,2.6,13.0 
416,PHI,276,21,.400,2.3,15.3 
417,PHO,872,69,.144,1.6,9.3 
418,TOT,1881,78,.176,2.2,15.4 
418,BOS,1169,51,.169,2.8,14.4 
418,DEN,712,27,.187,1.2,16.9 
419,DAL,1161,66,.147,1.9,8.8 
420,DET,2061,82,.363,1.2,11.6 
Rk,Tm,MP,G,FTr,STL%,TOV% 
421,SAS,840,71,.323,1.3,17.0 
422,BOS,24,7,1.000,0.0,14.8 
423,MIN,353,38,.355,1.5,20.7 
424,POR,334,53,.169,2.4,15.4 
425,IND,2317,69,.439,3.6,12.6 
426,MEM,1982,70,.311,1.3,11.9 
427,DEN,1381,59,.145,2.2,15.1 
