Rk,Tm,MP,G,FTr,STL%,TOV% 
1,TOT,1578,61,.299,1.8,12.7 
1,ORL,1205,46,.293,2.2,13.0 
1,DEN,373,15,.321,0.8,11.3 
2,VAN,3223,82,.431,1.5,14.1 
3,DEN,329,29,.224,3.7,20.6 
4,MIL,3070,82,.282,1.9,10.3 
5,MIL,361,27,.042,1.7,23.1 
6,ORL,1684,80,.416,1.0,14.4 
7,LAC,2201,64,.359,2.1,14.4 
8,BOS,2593,82,.257,2.7,10.6 
9,SAC,2094,72,.097,2.2,10.4 
10,HOU,2700,82,.325,1.8,17.9 
11,CHI,1007,73,.404,1.5,15.7 
12,POR,1548,82,.274,2.0,15.4 
13,CHI,583,27,.134,0.6,16.9 
14,ORL,2590,82,.221,3.2,16.8 
15,ORL,1626,82,.179,1.6,15.1 
16,POR,692,59,.314,2.1,16.0 
17,WAS,1173,59,.389,0.8,20.6 
18,LAC,377,49,.333,2.2,17.9 
19,MIN,484,59,.199,1.5,17.6 
20,PHO,449,46,.464,1.5,12.5 
Rk,Tm,MP,G,FTr,STL%,TOV% 
21,SEA,2849,79,.365,0.8,14.0 
22,HOU,620,20,.495,1.2,14.0 
23,BOS,1139,72,.175,1.4,12.3 
24,SEA,2726,80,.222,1.9,15.5 
25,TOT,159,16,.152,0.6,27.0 
25,GSW,85,8,.111,1.2,24.1 
25,ATL,74,8,.200,0.0,30.0 
26,SAC,1281,62,.335,2.8,17.6 
27,BOS,1505,82,.329,1.6,11.3 
28,IND,130,24,.343,0.4,8.0 
29,CLE,8,3,.000,0.0,0.0 
30,CHI,862,48,.234,1.9,16.1 
31,LAC,3,1,.000,0.0,0.0 
32,IND,1691,82,.339,2.3,14.2 
33,VAN,3155,82,.242,2.2,17.8 
34,DEN,305,13,.436,1.7,16.6 
35,GSW,2459,73,.114,3.0,14.0 
36,PHO,446,38,.371,1.7,21.3 
37,TOR,1731,80,.243,1.9,13.0 
38,TOT,118,13,1.846,0.9,29.8 
38,NYK,5,2,0.0,0.0,53.2 
38,LAC,113,11,1.538,0.9,26.8 
39,WAS,143,11,.304,1.1,10.3 
40,SEA,167,17,.175,1.8,8.1 
Rk,Tm,MP,G,FTr,STL%,TOV% 
41,ATL,423,46,.330,1.7,13.8 
42,TOT,878,69,.222,1.4,8.2 
42,PHI,311,42,.164,1.5,6.0 
42,MIA,567,27,.256,1.3,9.4 
43,DEN,589,52,.453,3.4,9.1 
44,PHI,20,11,1.000,2.6,25.8 
45,TOT,261,26,.198,2.3,11.9 
45,ORL,8,1,.000,0.0,0.0 
45,CLE,253,25,.205,2.4,12.2 
46,DAL,1901,77,.268,1.9,10.7 
47,CLE,61,8,.000,0.8,12.5 
48,CHI,2999,81,.410,1.2,12.9 
49,MIN,2587,71,.200,2.7,14.0 
50,TOT,1096,63,.159,0.9,11.4 
50,SAS,602,30,.176,0.7,12.9 
50,CHH,494,33,.138,1.2,9.5 
51,TOR,673,38,.062,1.9,12.8 
52,DET,45,6,.143,0.0,16.8 
53,MIA,2302,80,.237,1.5,11.9 
54,CHI,1625,59,.193,2.0,18.2 
55,NYK,289,37,.257,1.7,28.5 
56,LAL,2524,66,.341,2.2,11.8 
57,CLE,1712,75,.272,0.9,18.3 
58,DAL,923,48,.270,2.1,12.1 
59,DET,657,58,.045,1.9,7.6 
60,MIA,386,34,.146,1.4,5.3 
Rk,Tm,MP,G,FTr,STL%,TOV% 
61,HOU,1024,56,.088,0.9,9.2 
62,NJN,1336,74,.119,2.6,7.9 
63,GSW,2159,71,.511,1.4,17.1 
64,NJN,242,20,.125,1.7,13.6 
65,NYK,1548,59,.469,1.5,11.2 
66,CHH,2538,78,.432,1.1,11.4 
67,VAN,221,21,.219,0.7,11.4 
68,TOT,1166,57,.252,1.4,17.5 
68,GSW,74,7,.576,0.0,10.8 
68,CHI,1092,50,.229,1.5,18.0 
69,MIA,1859,79,.244,2.7,23.5 
70,TOR,3126,82,.325,1.8,8.4 
71,MIL,2899,81,.380,1.8,16.4 
72,HOU,1581,65,.517,1.1,12.6 
73,MIA,185,25,1.027,0.6,15.7 
74,DAL,2064,69,.248,1.4,10.1 
75,LAL,185,16,.133,1.9,25.1 
76,PHO,957,53,.244,1.2,9.7 
77,BOS,1309,67,.077,1.7,14.0 
78,TOT,601,56,.063,1.3,13.3 
78,UTA,224,26,.032,1.2,12.5 
78,CLE,30,6,.000,0.0,0.0 
78,LAC,347,24,.095,1.5,14.4 
79,NYK,1675,71,.165,1.2,21.5 
80,TOR,2264,73,.283,2.3,14.4 
Rk,Tm,MP,G,FTr,STL%,TOV% 
81,DEN,1850,81,.333,1.2,17.1 
82,LAC,820,57,.396,0.8,12.8 
83,CHH,2347,74,.385,0.7,13.1 
84,ATL,1924,80,.171,1.6,13.6 
85,LAC,9,3,.000,0.0,0.0 
86,SAC,941,54,.158,1.8,9.9 
87,ATL,668,55,.354,1.3,12.3 
88,IND,1885,81,.354,1.2,13.8 
89,DET,937,69,.371,1.4,15.6 
90,GSW,398,22,.220,1.6,12.2 
91,GSW,1793,75,.258,2.6,15.3 
92,TOT,309,28,.368,2.1,21.0 
92,HOU,50,4,.000,2.0,26.7 
92,GSW,259,24,.439,2.1,20.0 
93,TOR,1095,67,.070,1.5,7.9 
94,DET,1611,82,.443,1.0,13.9 
95,GSW,495,21,.295,0.8,12.9 
96,SAS,1195,68,.294,2.4,13.0 
97,TOT,474,32,.357,1.9,15.4 
97,CHI,443,26,.351,1.6,15.4 
97,CLE,31,6,.444,6.5,15.7 
98,TOR,2479,79,.521,0.8,12.1 
99,CHH,1523,82,.353,3.3,21.9 
100,PHO,22,5,.000,2.3,33.3 
Rk,Tm,MP,G,FTr,STL%,TOV% 
101,IND,2127,74,.337,1.3,11.6 
102,SEA,701,54,.173,2.8,15.7 
103,DAL,1817,79,.166,0.7,12.3 
104,GSW,464,23,.343,2.7,20.2 
105,CHH,570,48,.273,2.7,18.0 
106,PHO,941,58,.327,2.4,11.7 
107,CLE,1831,82,.361,1.7,17.4 
108,MIL,1211,67,.120,1.5,12.3 
109,SAC,682,46,.211,2.5,9.5 
110,SAS,95,8,.109,0.6,11.1 
111,VAN,3103,82,.255,2.0,10.5 
112,SAC,2374,82,.436,2.1,17.3 
113,ORL,1335,81,.178,1.1,10.1 
114,NJN,309,20,.311,2.9,19.0 
115,HOU,1293,72,.128,1.6,13.1 
116,NYK,459,47,.403,0.8,18.6 
117,SAS,2875,74,.471,1.2,13.5 
118,UTA,2096,82,.151,1.5,15.5 
119,VAN,351,39,.727,1.4,18.3 
120,SAS,2217,79,.326,1.7,19.9 
Rk,Tm,MP,G,FTr,STL%,TOV% 
121,SAS,391,19,.302,1.6,13.7 
122,TOT,564,42,.082,1.2,10.8 
122,MIL,324,18,.089,1.0,6.3 
122,CHH,240,24,.069,1.5,17.9 
123,ATL,1309,58,.205,1.3,9.3 
124,BOS,269,30,.488,1.9,19.9 
125,NJN,373,31,.417,1.1,19.8 
126,NYK,2035,62,.365,1.0,13.6 
127,GSW,1199,74,.849,2.8,16.1 
128,NJN,2241,81,.314,1.0,10.9 
129,CLE,1326,63,.150,0.8,12.0 
130,DAL,3464,82,.194,1.6,9.9 
131,LAL,1803,78,.300,2.3,12.1 
132,BOS,856,55,.713,1.2,16.1 
133,SEA,718,60,.125,0.7,10.6 
134,IND,86,19,1.087,3.0,5.6 
135,LAL,1473,82,.157,1.8,14.0 
136,GSW,1654,76,.237,0.8,14.5 
137,HOU,2776,77,.327,2.2,19.3 
138,CHH,399,41,.434,1.2,15.7 
139,SAC,1026,75,.463,1.5,8.6 
140,MIN,3243,81,.265,1.9,13.6 
Rk,Tm,MP,G,FTr,STL%,TOV% 
141,MIN,604,56,.241,0.7,15.0 
142,ORL,23,3,.000,0.0,9.1 
143,ORL,1479,82,.190,1.0,11.8 
144,TOT,1811,85,.465,2.3,14.9 
144,ORL,1041,45,.530,2.3,15.6 
144,DEN,770,40,.376,2.2,13.9 
145,PHI,1406,65,.238,1.1,12.3 
146,LAL,345,49,.285,1.5,11.5 
147,NJN,2355,76,.267,3.1,7.7 
148,UTA,782,50,.282,0.8,13.8 
149,ATL,446,30,.409,1.8,12.2 
150,POR,1322,63,.472,1.3,16.5 
151,POR,24,3,.000,2.2,12.5 
152,SEA,2688,76,.185,1.1,8.6 
153,HOU,124,21,.784,2.1,7.4 
154,LAL,1929,82,.245,1.4,11.0 
155,BOS,1927,72,.383,3.1,16.2 
156,PHO,1767,54,.234,2.3,13.0 
157,MIL,792,35,.609,1.9,15.2 
158,WAS,1373,71,.220,1.1,11.2 
159,HOU,273,22,.291,0.7,23.9 
160,MIN,372,56,.577,1.1,14.7 
Rk,Tm,MP,G,FTr,STL%,TOV% 
161,PHO,2253,60,.358,2.1,14.2 
162,MIA,1672,52,.208,1.6,14.6 
163,LAL,2042,80,.277,2.1,18.1 
164,ORL,63,4,.412,3.9,4.7 
165,IND,854,50,.420,1.5,17.2 
166,VAN,2677,82,.359,0.7,18.4 
167,NJN,1510,77,.214,2.2,7.7 
168,POR,137,19,.400,0.4,25.4 
169,CHI,1622,61,.317,2.4,19.0 
170,CHH,36,12,.154,0.0,17.8 
171,ATL,2775,82,.359,1.5,11.4 
172,CLE,1107,61,.319,1.8,15.5 
173,TOT,71,15,.500,1.4,23.5 
173,CLE,47,10,.286,2.1,27.6 
173,NJN,24,5,2.000,0.0,0.0 
174,DEN,597,45,.323,1.3,22.9 
175,DET,2776,74,.425,1.9,12.4 
176,PHI,2155,68,.395,1.5,13.9 
177,CHI,845,31,.330,2.5,14.0 
178,CHH,4,2,.000,0.0,0.0 
179,UTA,2133,77,.247,1.7,12.3 
180,LAL,1685,76,.311,2.6,15.0 
Rk,Tm,MP,G,FTr,STL%,TOV% 
181,NYK,3169,82,.263,1.1,11.6 
182,WAS,2909,82,.248,1.2,15.5 
183,LAC,1592,62,.176,1.4,15.6 
184,TOT,2324,82,.329,2.5,12.9 
184,PHI,1018,50,.308,2.7,15.4 
184,GSW,1306,32,.343,2.3,11.2 
185,DAL,224,21,.361,0.7,14.4 
186,DET,2919,82,.173,2.2,13.1 
187,PHI,2853,70,.358,2.6,10.3 
188,MIN,1034,73,.283,2.4,13.0 
189,SAS,1691,81,.105,1.7,11.4 
190,DET,73,7,.727,2.1,32.5 
191,ATL,2767,79,.172,1.1,12.2 
192,IND,2190,81,.172,1.8,22.1 
193,DAL,1,1,0.0,0.0,0.0 
194,TOT,681,52,.193,2.2,12.5 
194,LAL,18,3,.222,2.9,16.8 
194,GSW,663,49,.192,2.2,12.3 
195,MIA,23,4,.214,0.0,11.5 
196,GSW,1556,43,.275,1.0,11.8 
197,MIA,74,12,.900,1.4,12.5 
198,TOT,637,56,.238,2.7,15.0 
198,ATL,423,38,.233,2.8,17.4 
198,ORL,214,18,.246,2.3,10.6 
199,SAS,2571,82,.182,1.6,13.2 
200,NYK,37,5,.000,1.5,25.0 
Rk,Tm,MP,G,FTr,STL%,TOV% 
201,MIL,2129,80,.563,2.0,18.7 
202,PHO,113,6,.250,0.9,18.4 
203,NYK,2281,70,.256,1.0,11.5 
204,LAC,662,56,.114,2.3,11.7 
205,TOT,612,55,.231,1.5,14.9 
205,GSW,196,13,.167,1.5,20.6 
205,DAL,416,42,.253,1.5,12.7 
206,CHH,2807,72,.374,3.5,10.9 
207,PHI,138,33,.310,2.3,17.5 
208,DEN,330,40,.183,0.5,10.4 
209,WAS,243,36,.245,2.6,24.4 
210,UTA,604,62,.277,1.5,24.0 
211,CLE,2492,82,.547,2.0,16.8 
212,SAS,268,32,.149,0.8,8.2 
213,SAS,1310,72,.116,2.7,12.1 
214,TOT,132,22,.375,1.5,21.2 
214,CHI,41,6,.200,1.3,21.6 
214,CLE,91,16,.455,1.7,21.0 
215,PHO,2616,67,.287,2.6,19.0 
216,WAS,1060,62,.238,1.7,11.8 
217,NJN,1896,62,.182,2.2,6.9 
218,POR,31,7,.273,1.7,14.0 
219,CLE,1754,65,.330,3.1,19.7 
220,LAL,410,63,.237,0.8,16.6 
Rk,Tm,MP,G,FTr,STL%,TOV% 
221,TOT,1784,56,.364,2.3,14.7 
221,CHI,868,24,.399,2.7,14.1 
221,PHI,916,32,.324,1.9,15.5 
222,DET,2443,82,.365,1.7,16.7 
223,DEN,2435,81,.268,0.9,8.9 
224,NYK,244,19,.109,1.8,6.9 
225,TOT,38,10,.833,5.5,19.6 
225,TOR,32,7,.800,6.5,22.8 
225,PHI,6,3,1.000,0.0,0.0 
226,CLE,145,10,.275,1.7,11.8 
227,CHI,129,4,.163,2.9,13.2 
228,GSW,284,23,.231,0.7,6.5 
229,MIA,1434,53,.189,1.5,11.7 
230,UTA,896,74,.174,1.4,12.5 
231,SEA,1575,82,.217,2.0,11.2 
232,PHO,1081,79,.166,2.3,18.7 
233,VAN,920,42,.425,2.6,19.8 
234,PHO,1417,72,.243,0.8,23.5 
235,VAN,781,65,.418,2.2,14.6 
236,LAL,146,8,.205,1.1,17.5 
237,PHI,2416,75,.284,2.6,14.2 
238,PHI,528,56,.335,1.1,12.3 
239,GSW,333,23,.164,2.7,12.7 
240,PHO,143,16,.122,0.7,13.4 
Rk,Tm,MP,G,FTr,STL%,TOV% 
241,ORL,1370,77,.557,0.9,19.1 
242,MIA,2308,69,.164,2.1,12.1 
243,UTA,2947,82,.501,1.4,11.4 
244,CHI,1175,51,.142,1.5,15.7 
245,MIL,1217,72,.153,2.6,13.2 
246,NJN,2881,74,.407,2.0,14.8 
247,PHO,1260,51,.180,1.5,9.1 
248,TOR,12,5,.667,4.3,27.9 
249,CLE,39,6,.545,2.6,18.0 
250,GSW,2071,64,.304,1.7,11.4 
251,SAC,893,71,.340,1.5,13.4 
252,MIA,2828,76,.206,1.5,12.5 
253,CHH,3133,82,.637,1.2,15.9 
254,HOU,109,10,.444,0.9,17.3 
255,SEA,989,47,.302,2.0,8.7 
256,BOS,879,61,.235,1.4,20.9 
257,DEN,2118,78,.284,1.1,15.7 
258,SEA,746,58,.514,1.0,17.2 
259,DEN,2698,81,.426,1.3,13.8 
260,TOR,2462,79,.385,1.9,11.8 
Rk,Tm,MP,G,FTr,STL%,TOV% 
261,NJN,1048,66,.364,1.3,17.5 
262,LAC,597,25,.091,1.3,12.2 
263,IND,634,32,.519,2.4,12.5 
264,PHI,1952,82,.246,2.9,14.7 
265,ATL,860,44,.211,1.0,14.0 
266,TOT,2377,68,.250,1.6,11.2 
266,DEN,1408,37,.247,1.2,11.4 
266,ORL,969,31,.254,2.1,11.0 
267,CLE,2093,82,.387,2.0,15.8 
268,HOU,476,35,.526,1.2,13.7 
269,CHH,961,55,.666,1.2,11.2 
270,PHO,1088,51,.313,2.0,21.8 
271,IND,2987,81,.390,1.5,9.6 
272,GSW,649,20,.288,1.4,7.1 
273,DET,1842,82,.070,1.0,8.4 
274,CHH,3,1,.000,0.0,0.0 
275,MIN,1227,66,.245,1.2,9.6 
276,HOU,2496,81,.347,1.8,13.7 
277,PHI,190,28,.407,1.1,22.0 
278,DET,332,51,.218,0.9,26.7 
279,DET,488,29,.486,0.9,11.9 
280,MIA,2748,79,.492,0.8,13.1 
Rk,Tm,MP,G,FTr,STL%,TOV% 
281,IND,582,47,.219,2.5,12.0 
282,LAC,693,40,.390,3.5,19.5 
283,NJN,267,30,.422,0.0,13.0 
284,CLE,2365,74,.263,2.2,13.9 
285,WAS,1831,80,.210,1.3,10.3 
286,ATL,2984,82,.735,0.5,18.7 
287,DAL,1532,56,.234,1.2,20.3 
288,LAC,2317,73,.209,1.7,9.3 
289,MIN,1723,82,.238,0.6,12.9 
290,NJN,1763,82,.368,1.6,11.0 
291,HOU,502,30,.459,2.3,13.6 
292,DAL,2938,82,.311,1.1,10.0 
293,POR,859,70,.441,0.7,15.1 
294,LAL,3163,79,.495,0.6,9.9 
295,TOR,2431,80,.152,2.2,20.5 
296,LAC,2767,76,.410,1.7,17.6 
297,HOU,1049,44,.266,2.0,13.4 
298,PHI,290,40,.755,1.8,13.3 
299,LAC,2493,80,.250,0.7,17.4 
300,UTA,1606,81,.700,0.7,18.4 
Rk,Tm,MP,G,FTr,STL%,TOV% 
301,ORL,2326,82,.478,2.4,24.5 
302,BOS,432,48,.136,1.2,10.9 
303,TOT,1305,62,.296,1.3,17.4 
303,PHI,919,46,.248,1.5,17.6 
303,GSW,386,16,.420,0.9,16.8 
304,DAL,665,29,.339,2.4,22.3 
305,UTA,432,47,.193,1.7,12.7 
306,VAN,394,53,.378,2.7,27.8 
307,ORL,185,16,.193,2.1,15.1 
308,VAN,808,56,.255,1.9,14.8 
309,MIN,20,5,.000,2.6,20.0 
310,SEA,2097,81,.486,2.3,15.2 
311,SEA,3425,82,.254,2.3,10.8 
312,MIN,2073,82,.150,1.6,9.9 
313,CHI,1012,67,.625,0.7,26.7 
314,IND,1620,81,.220,1.0,11.5 
315,NJN,803,60,.211,2.5,15.7 
316,SEA,340,37,.065,0.8,8.7 
317,CLE,2056,79,.118,1.0,8.0 
318,CHH,825,28,.194,2.5,11.7 
319,LAC,1712,75,.175,1.3,8.5 
320,BOS,2583,73,.409,3.0,12.1 
Rk,Tm,MP,G,FTr,STL%,TOV% 
321,POR,2749,82,.259,2.3,17.8 
322,SAC,1336,76,.562,2.0,12.4 
323,UTA,1819,82,.226,0.9,13.8 
324,SAS,1613,68,.367,1.6,15.7 
325,DEN,2052,81,.280,2.4,13.6 
326,BOS,1797,79,.260,1.2,17.5 
327,VAN,424,41,.328,2.1,25.7 
328,WAS,225,33,.169,1.6,23.1 
329,TOR,24,3,.857,4.3,34.2 
330,PHI,1795,57,.481,0.9,15.4 
331,CHH,28,7,.000,0.0,0.0 
332,VAN,1773,69,.294,1.0,15.8 
333,CHI,48,3,.417,2.2,29.7 
334,TOT,498,38,.304,2.5,15.3 
334,DET,165,21,.176,1.5,23.1 
334,WAS,333,17,.359,3.0,11.7 
335,MIL,602,34,.441,1.6,11.7 
336,DAL,8,1,.000,12.6,40.0 
337,LAL,2530,80,.404,1.0,9.0 
338,WAS,2397,74,.324,2.4,11.4 
339,ATL,2084,60,.243,1.0,12.4 
340,PHI,51,5,.188,1.0,10.4 
Rk,Tm,MP,G,FTr,STL%,TOV% 
341,SAC,25,1,.167,0.0,0.0 
342,PHO,2839,80,.334,1.6,11.2 
343,SAS,2557,80,.496,2.0,11.6 
344,CHH,1112,67,.166,2.2,8.6 
345,MIL,2909,81,.194,1.4,12.3 
346,DAL,389,12,.452,0.3,33.8 
347,HOU,1101,53,.423,0.6,14.1 
348,PHO,2286,82,.283,2.1,14.1 
349,DEN,355,40,.466,0.3,8.6 
350,DAL,1001,71,.314,1.5,17.8 
351,IND,2978,80,.257,1.5,12.4 
352,SAS,1341,74,.514,1.4,17.3 
353,CHI,975,71,.638,1.4,25.0 
354,UTA,2900,82,.346,2.4,8.8 
355,POR,1688,66,.331,1.4,12.4 
356,LAL,303,45,.406,1.4,18.1 
357,POR,1662,77,.497,1.2,15.9 
358,VAN,1263,66,.171,1.2,7.7 
359,MIN,2392,82,.279,1.7,11.2 
360,LAL,1249,74,.168,1.4,17.8 
Rk,Tm,MP,G,FTr,STL%,TOV% 
361,CHI,1651,69,.438,0.7,28.1 
362,LAC,775,33,.485,1.1,18.5 
363,MIN,1975,78,.414,1.2,13.9 
364,WAS,1145,46,.526,1.2,16.0 
365,POR,2689,82,.378,1.4,10.0 
366,IND,1852,79,.237,0.6,9.9 
367,PHI,2866,82,.296,2.5,19.4 
368,SAS,149,26,.909,2.1,16.3 
369,NYK,3276,82,.304,1.8,13.2 
370,CLE,198,25,.529,1.0,21.3 
371,DET,3148,82,.524,1.6,14.9 
372,TOT,1190,37,.109,1.8,10.6 
372,GSW,1108,33,.106,1.7,10.7 
372,CHI,82,4,.147,3.3,7.7 
373,SEA,202,30,.456,2.5,18.8 
374,VAN,181,13,.078,2.0,10.2 
375,TOR,389,42,.604,0.7,20.2 
376,DEN,691,45,.407,1.3,12.9 
377,UTA,2432,82,.354,3.1,17.6 
378,SAC,1749,74,.213,1.4,10.1 
379,POR,2372,78,.162,1.7,13.5 
380,DAL,2025,68,.267,2.6,11.1 
Rk,Tm,MP,G,FTr,STL%,TOV% 
381,MIA,663,58,.250,1.2,8.8 
382,WAS,2188,69,.400,2.2,17.3 
383,ORL,148,20,.292,1.7,18.1 
384,DAL,61,14,.065,1.7,11.1 
385,CLE,2216,73,.308,2.1,13.8 
386,MIN,2171,73,.241,1.4,10.1 
387,IND,114,18,.235,1.4,22.7 
388,TOT,34,6,.000,1.5,12.5 
388,DEN,5,1,.000,0.0,0.0 
388,ORL,29,5,.000,1.7,14.3 
389,LAC,2227,62,.203,1.2,13.6 
390,ATL,1888,81,.233,2.5,19.1 
391,TOT,46,7,.056,1.1,21.3 
391,BOS,19,3,.100,0.0,8.7 
391,GSW,27,4,.000,1.9,33.3 
392,TOR,477,55,.383,1.3,10.1 
393,HOU,1797,72,.394,1.5,15.2 
394,NYK,1971,80,.239,1.4,15.1 
395,MIL,2093,80,.323,1.5,13.0 
396,MIA,777,51,.198,1.8,18.3 
397,MIL,447,44,.557,2.9,15.1 
398,DAL,301,11,.148,1.3,14.2 
399,TOT,90,17,.211,1.8,16.2 
399,NYK,25,7,.000,4.3,9.1 
399,MIL,65,10,.286,0.8,18.2 
400,BOS,41,3,1.000,0.0,25.8 
Rk,Tm,MP,G,FTr,STL%,TOV% 
401,DEN,2950,79,.198,1.2,14.4 
402,NJN,2782,80,.313,1.2,14.6 
403,UTA,884,78,.290,1.9,20.7 
404,DET,292,43,.180,1.0,10.3 
405,SEA,40,8,.118,3.9,18.3 
406,BOS,3003,82,.295,2.0,13.2 
407,SAS,980,71,.413,0.5,15.1 
408,ORL,1959,81,.341,1.8,14.9 
409,NYK,798,60,.307,0.7,14.3 
410,POR,2845,81,.317,1.6,11.6 
411,MIA,389,33,.176,0.8,22.8 
412,NYK,1986,72,.130,2.6,17.8 
413,MIA,1615,78,.437,1.7,16.7 
414,SAC,2880,75,.267,2.0,11.2 
415,POR,1162,66,.269,3.2,15.3 
416,SAC,57,7,.105,1.7,4.8 
417,CHH,2760,82,.288,2.0,12.9 
418,VAN,581,38,.276,1.1,10.5 
419,PHO,127,22,.667,0.8,27.9 
420,WAS,1537,80,.469,1.0,14.8 
Rk,Tm,MP,G,FTr,STL%,TOV% 
421,WAS,1627,82,.253,1.7,15.6 
422,WAS,1545,81,.447,1.4,12.9 
423,TOR,779,55,.226,2.3,13.0 
424,BOS,1378,68,.438,1.6,12.5 
425,SAC,2760,81,.175,2.0,22.0 
426,DET,2102,82,.623,2.3,15.3 
427,WAS,76,8,.000,2.0,25.0 
428,ORL,1501,75,.309,1.5,15.1 
429,MIL,1488,68,.303,1.4,11.9 
430,SEA,517,43,.227,1.8,13.9 
431,HOU,1859,76,.181,1.3,13.3 
432,SAC,1707,76,.341,1.1,13.3 
433,TOR,1679,79,.288,1.1,13.3 
434,CHI,508,25,.285,2.4,15.5 
435,NYK,32,7,.000,1.7,18.2 
436,TOT,350,36,.167,3.0,15.7 
436,MIL,248,23,.210,2.3,17.1 
436,TOR,102,13,.071,4.6,12.2 
437,CHI,2238,72,.368,2.9,15.8 
438,ATL,1205,75,.374,1.3,13.6 
