Rk,Tm,MP,G,FTr,STL%,TOV% 
1,TOT,441,24,.224,2.4,14.3 
1,DEN,417,20,.221,2.3,13.1 
1,DAL,24,4,.500,4.3,55.1 
2,ATL,2980,77,.403,1.7,14.1 
3,WAS,1325,56,.255,1.4,10.2 
4,DET,97,15,.157,0.0,8.4 
5,MIA,161,12,.196,1.0,3.5 
6,MIL,2525,69,.213,1.9,11.2 
7,MIL,600,50,.152,2.8,16.4 
8,UTA,586,54,.633,0.6,20.6 
9,DEN,262,24,.378,1.4,13.1 
10,POR,1860,70,.340,2.0,11.0 
11,BOS,2430,76,.184,3.0,13.3 
12,MEM,219,15,.118,1.4,14.9 
13,NYK,1596,82,.287,1.6,18.8 
14,TOT,1514,60,.192,2.7,15.4 
14,CHI,961,36,.244,2.7,15.4 
14,MIL,553,24,.112,2.7,15.4 
15,GSW,1155,47,.417,3.0,17.6 
16,NJN,196,35,.118,1.9,8.2 
17,ORL,2730,82,.248,3.0,16.0 
18,TOT,371,37,.162,1.6,16.2 
18,TOR,96,17,.207,3.4,27.5 
18,DEN,275,20,.146,1.0,11.2 
19,DET,2285,79,.152,1.7,13.2 
20,CHH,1319,77,.308,2.3,12.7 
Rk,Tm,MP,G,FTr,STL%,TOV% 
21,MEM,307,21,.043,1.5,10.5 
22,MIN,258,28,.211,1.4,16.2 
23,CHI,638,50,.393,1.4,18.1 
24,SEA,1710,55,.348,0.7,14.5 
25,POR,228,19,.147,4.0,14.2 
26,DET,582,29,.141,1.3,13.9 
27,SEA,3040,81,.296,2.6,15.6 
28,DET,1985,82,.222,2.5,16.2 
29,DEN,408,27,.280,1.3,17.8 
30,BOS,1819,74,.333,1.7,10.2 
31,MEM,3097,78,.294,2.1,12.5 
32,TOT,44,7,.182,0.0,29.6 
32,PHO,42,5,.182,0.0,29.6 
32,DAL,2,2,0.0,0.0,0.0 
33,PHI,890,74,.200,1.3,15.5 
34,IND,1647,78,.393,0.6,15.1 
35,TOT,1747,74,.224,2.7,14.8 
35,IND,954,44,.246,3.1,16.8 
35,CHI,793,30,.201,2.1,12.6 
36,SAC,2659,80,.196,1.6,11.1 
37,MIN,2355,82,.284,1.5,13.0 
38,GSW,599,35,.055,2.0,19.8 
39,PHI,1426,72,.179,1.9,16.1 
40,BOS,415,44,.487,2.0,20.0 
Rk,Tm,MP,G,FTr,STL%,TOV% 
41,SEA,279,15,.293,1.2,14.7 
42,POR,245,33,.781,0.7,24.6 
43,ATL,585,52,.270,1.6,5.3 
44,SAS,1699,59,.241,1.9,13.0 
45,DEN,1686,75,.300,2.4,10.6 
46,PHI,29,3,.000,3.7,0.0 
47,LAC,761,68,.222,1.4,12.7 
48,TOR,118,26,.320,0.0,17.4 
49,DAL,757,53,.393,1.9,11.6 
50,LAC,3020,80,.519,1.4,12.2 
51,MIN,962,32,.230,2.9,9.7 
52,IND,43,13,.000,2.4,37.5 
53,IND,160,22,.862,0.0,13.0 
54,SAC,92,18,.074,1.1,15.2 
55,PHI,67,17,.381,0.8,26.8 
56,ORL,65,7,.000,2.4,16.7 
57,MIA,21,3,.667,0.0,27.9 
58,BOS,245,29,.286,3.8,8.2 
59,WAS,817,57,.407,1.1,13.0 
60,CHH,2563,80,.374,1.2,12.2 
Rk,Tm,MP,G,FTr,STL%,TOV% 
61,BOS,6,1,.000,0.0,0.0 
62,HOU,403,40,.243,2.6,23.9 
63,POR,520,59,.363,2.6,26.4 
64,LAL,3063,80,.369,2.0,10.7 
65,SAS,206,30,.145,1.8,9.3 
66,DAL,885,44,.293,1.8,10.8 
67,TOT,684,66,.034,1.6,11.1 
67,PHO,54,6,.000,1.0,14.3 
67,ORL,630,60,.036,1.6,11.0 
68,MEM,1769,63,.135,1.3,9.1 
69,CHH,350,31,.104,0.3,9.1 
70,POR,90,11,.522,0.0,15.0 
71,MIL,283,23,.597,0.8,17.3 
72,NYK,1007,29,.341,1.8,11.2 
73,CHH,2156,77,.484,1.5,12.5 
74,DET,43,8,.154,1.2,0.0 
75,MIA,1050,46,.138,2.6,20.7 
76,TOR,2385,60,.235,2.1,9.6 
77,MIL,2605,74,.274,1.8,11.7 
78,HOU,1917,75,.595,1.1,11.4 
79,CHI,1389,71,.730,1.1,19.8 
80,DEN,1631,68,.144,1.1,12.4 
Rk,Tm,MP,G,FTr,STL%,TOV% 
81,TOR,1576,69,.240,1.9,27.3 
82,SAC,2798,81,.329,2.9,16.3 
83,TOR,2185,81,.297,1.4,13.8 
84,PHI,1528,67,.301,3.4,15.7 
85,SAC,153,32,.132,2.3,27.3 
86,PHI,2080,58,.309,1.1,12.5 
87,CLE,693,47,.253,1.0,16.0 
88,HOU,365,25,.337,0.9,10.6 
89,UTA,1440,70,.528,1.1,11.7 
90,NJN,1407,77,.590,1.1,17.1 
91,ATL,131,7,.333,0.8,16.2 
92,CHI,481,23,.070,2.0,14.2 
93,TOT,156,21,.191,1.7,11.9 
93,LAL,27,6,.417,1.9,6.6 
93,PHO,129,15,.143,1.6,13.1 
94,IND,1286,76,.254,1.1,11.9 
95,UTA,802,41,.317,1.3,17.7 
96,PHI,501,58,.171,1.9,15.2 
97,TOR,886,56,.107,1.3,10.1 
98,CHI,1150,72,.424,0.7,13.4 
99,DET,1912,82,.330,1.3,16.0 
100,PHI,177,34,.360,1.8,19.5 
Rk,Tm,MP,G,FTr,STL%,TOV% 
101,GSW,1740,73,.440,0.5,21.4 
102,SAS,2175,82,.343,1.2,9.0 
103,TOR,2978,77,.372,1.0,12.4 
104,CHH,3318,82,.252,2.8,14.2 
105,POR,2447,78,.366,1.4,8.4 
106,ATL,774,28,.091,1.8,20.2 
107,WAS,1231,51,.064,1.2,11.6 
108,CLE,1954,82,.318,1.9,14.3 
109,ORL,633,61,.336,1.9,16.6 
110,PHO,6,2,.000,0.0,0.0 
111,TOT,1447,63,.165,1.9,8.6 
111,PHO,877,41,.161,1.9,8.2 
111,BOS,570,22,.174,2.0,9.3 
112,TOT,299,32,.200,1.8,10.9 
112,NJN,249,25,.191,1.7,11.3 
112,TOR,50,7,.231,2.2,9.5 
113,MEM,124,4,.125,1.3,13.6 
114,CLE,109,18,.172,0.5,27.8 
115,SAC,2420,80,.475,1.6,15.4 
116,CLE,705,42,.246,1.1,15.1 
117,LAC,155,14,.211,1.4,13.8 
118,CHH,774,61,.159,2.2,14.5 
119,SEA,1174,64,.176,0.9,10.3 
120,POR,327,43,.300,0.5,19.8 
Rk,Tm,MP,G,FTr,STL%,TOV% 
121,SAS,3329,82,.466,1.0,12.7 
122,NYK,609,39,.280,2.1,21.2 
123,LAC,152,29,1.026,0.7,15.0 
124,MIA,1684,66,.186,1.0,13.0 
125,DAL,299,31,.660,1.7,19.9 
126,MIN,45,10,.211,0.0,8.8 
127,ORL,901,65,.402,1.3,14.2 
128,SAS,799,50,.203,1.1,10.2 
129,DAL,2754,69,.204,1.2,8.0 
130,LAL,1974,70,.167,1.7,8.0 
131,CHI,1963,76,.334,1.3,11.9 
132,MEM,75,6,.429,0.0,19.4 
133,PHO,452,53,.483,0.7,18.3 
134,BOS,39,8,.333,2.7,17.9 
135,GSW,2216,77,.427,1.0,15.7 
136,MIL,24,6,.444,0.0,0.0 
137,IND,1786,82,.462,2.1,14.3 
138,MEM,320,28,.192,1.5,15.7 
139,LAC,343,22,.484,1.7,14.3 
140,LAL,2289,82,.140,1.5,17.0 
Rk,Tm,MP,G,FTr,STL%,TOV% 
141,GSW,1485,79,.242,1.2,15.1 
142,HOU,2343,57,.419,1.6,15.6 
143,SAC,722,56,.229,0.8,10.9 
144,MIN,3175,81,.320,1.6,12.5 
145,TOT,183,34,.055,2.0,15.1 
145,MIN,152,29,.075,1.7,14.5 
145,GSW,31,5,.000,3.3,16.7 
146,ORL,2406,80,.095,1.3,7.8 
147,MEM,3007,82,.448,0.7,15.0 
148,MIA,809,54,.399,1.2,14.4 
149,PHI,36,4,.250,0.0,18.4 
150,LAL,1759,82,.241,2.1,10.2 
151,MEM,384,23,.424,1.5,23.7 
152,MIA,1410,65,.147,1.7,10.9 
153,ATL,1156,55,.226,2.0,13.2 
154,NJN,50,9,.200,1.0,21.6 
155,MIA,2256,72,.195,1.2,15.6 
156,ORL,2210,76,.216,1.3,8.3 
157,DAL,1383,58,.136,2.8,9.9 
158,HOU,1896,73,.129,0.5,6.3 
159,PHO,1129,44,.123,1.8,16.1 
160,CHI,607,45,.111,0.9,12.6 
Rk,Tm,MP,G,FTr,STL%,TOV% 
161,MIL,1208,70,.583,1.1,23.8 
162,WAS,2203,63,.311,0.9,9.7 
163,MIA,98,9,.053,2.2,9.3 
164,DEN,848,54,.739,1.3,15.6 
165,PHO,2462,80,.209,2.6,15.7 
166,TOT,1601,68,.156,1.9,14.3 
166,DAL,1276,54,.158,1.6,12.1 
166,DEN,325,14,.151,2.8,22.0 
167,PHI,2541,81,.265,1.5,12.0 
168,IND,1313,44,.298,1.6,12.5 
169,NYK,1563,77,.382,1.0,15.3 
170,NJN,1553,74,.294,1.8,9.1 
171,SAS,92,10,.316,4.1,27.0 
172,SEA,47,5,.167,1.1,18.9 
173,TOT,841,47,.415,1.3,11.4 
173,DAL,162,18,.846,1.3,18.3 
173,DEN,679,29,.356,1.3,10.2 
174,CHI,2237,78,.182,1.3,13.0 
175,CHH,77,15,.205,0.0,6.6 
176,WAS,1266,62,.724,0.9,14.6 
177,ATL,422,26,.388,1.4,13.4 
178,GSW,70,12,.226,4.4,19.0 
179,ORL,512,14,.410,0.8,13.8 
180,CLE,810,26,.566,1.1,17.4 
Rk,Tm,MP,G,FTr,STL%,TOV% 
181,CHI,1408,79,.323,2.3,8.8 
182,LAL,2140,81,.300,1.9,14.5 
183,MIA,1230,64,.094,1.9,12.8 
184,NYK,2914,77,.261,1.0,10.5 
185,TOT,2635,81,.341,0.9,11.6 
185,DAL,1659,53,.326,0.9,10.4 
185,DEN,976,28,.362,1.0,13.2 
186,ORL,1854,81,.247,1.6,15.3 
187,GSW,2049,73,.320,2.8,15.6 
188,LAL,1616,82,.082,2.1,9.8 
189,ORL,516,53,.639,0.5,7.8 
190,CLE,1329,62,.487,0.7,12.0 
191,PHI,2622,60,.351,3.5,11.0 
192,SAC,1750,81,.244,2.1,10.0 
193,ORL,144,9,.108,1.8,17.1 
194,TOR,280,24,.571,1.7,21.0 
195,MIA,1825,55,.162,1.3,15.5 
196,TOT,495,39,.488,1.2,13.1 
196,GSW,169,17,.738,1.5,12.2 
196,MIN,326,22,.323,1.0,13.7 
197,NYK,2367,82,.186,1.7,19.0 
198,SAS,227,23,.187,3.5,18.9 
199,SEA,949,56,.220,1.4,19.8 
200,MIA,119,15,.163,2.8,22.0 
Rk,Tm,MP,G,FTr,STL%,TOV% 
201,PHI,41,9,.462,0.0,16.1 
202,GSW,3033,82,.320,1.2,9.3 
203,LAC,176,25,.349,1.5,10.8 
204,NJN,1917,79,.448,1.7,13.1 
205,NJN,366,34,.278,4.4,16.5 
206,TOT,1352,68,.377,1.6,13.1 
206,DEN,1200,51,.381,1.5,13.0 
206,DAL,152,17,.347,1.7,13.7 
207,ATL,1727,72,.194,1.9,14.8 
208,MIL,1660,81,.342,1.2,19.0 
209,TOT,1916,77,.091,1.6,10.5 
209,BOS,1003,48,.088,1.7,8.3 
209,PHO,913,29,.094,1.5,12.5 
210,PHI,126,23,1.000,1.3,27.6 
211,DET,1083,67,.208,1.1,16.4 
212,MIA,3156,81,.296,2.0,9.9 
213,CLE,2142,81,.106,1.9,10.5 
214,WAS,1920,79,.256,1.4,13.5 
215,WAS,2093,60,.252,2.2,9.9 
216,POR,1232,75,.322,1.9,14.8 
217,POR,775,65,.184,0.9,9.3 
218,NJN,3056,82,.217,3.0,18.7 
219,UTA,2151,82,.586,2.9,11.9 
220,NJN,2601,82,.183,2.6,9.7 
Rk,Tm,MP,G,FTr,STL%,TOV% 
221,MEM,1151,53,.344,3.6,22.4 
222,NYK,429,49,.186,1.4,18.1 
223,ATL,1494,59,.304,1.7,16.5 
224,WAS,1441,57,.210,2.3,17.7 
225,TOT,2455,78,.164,1.2,8.7 
225,DEN,1668,51,.159,1.0,7.8 
225,DAL,787,27,.176,1.6,10.8 
226,CLE,477,44,.261,1.4,16.9 
227,HOU,434,34,.088,1.0,6.5 
228,UTA,542,33,.189,1.7,17.7 
229,DEN,1665,71,.156,1.9,10.0 
230,UTA,490,36,.140,2.5,17.4 
231,SEA,2585,71,.206,2.2,8.4 
232,SEA,176,13,.204,2.8,3.3 
233,SEA,989,63,.348,1.2,18.3 
234,MEM,1868,66,.319,1.8,19.0 
235,MIN,581,67,.353,1.6,16.7 
236,WAS,1458,71,.121,1.8,14.9 
237,CHH,893,45,.202,2.4,16.0 
238,NJN,1502,62,.353,0.8,10.9 
239,MIA,159,12,.143,1.7,11.8 
240,LAL,650,59,.370,1.3,11.5 
Rk,Tm,MP,G,FTr,STL%,TOV% 
241,LAC,1615,63,.474,1.4,15.3 
242,CHH,1549,82,.804,0.9,17.4 
243,PHO,1180,65,.135,2.1,10.3 
244,UTA,3040,80,.457,2.7,13.5 
245,DAL,552,41,.221,2.0,13.3 
246,PHO,3187,82,.320,1.3,15.0 
247,PHO,3109,81,.162,2.5,8.8 
248,MIA,319,21,.386,0.9,15.6 
249,NJN,118,20,.621,1.3,5.1 
250,UTA,1750,58,.342,1.5,14.0 
251,DAL,22,3,.200,4.7,8.4 
252,NJN,2504,73,.278,1.9,13.7 
253,CHH,1601,40,.324,1.5,11.5 
254,MIL,3143,82,.353,1.0,15.2 
255,SEA,2420,75,.308,1.5,10.6 
256,MEM,1247,73,.335,1.3,14.0 
257,BOS,718,56,.106,1.3,10.5 
258,SAS,153,27,.531,2.1,18.8 
259,DEN,1830,69,.283,1.7,18.2 
260,LAL,104,21,.381,0.0,24.6 
Rk,Tm,MP,G,FTr,STL%,TOV% 
261,DEN,236,10,.440,2.3,18.3 
262,ORL,2912,76,.350,2.1,9.4 
263,LAC,3030,81,.195,1.1,10.8 
264,PHI,784,41,.115,2.8,14.7 
265,PHI,1471,48,.249,2.1,14.6 
266,LAL,729,71,.204,2.1,11.3 
267,TOT,1716,53,.152,1.0,9.5 
267,CHI,1503,40,.151,1.1,9.4 
267,IND,213,13,.164,0.5,11.1 
268,CLE,1659,74,.340,0.6,13.8 
269,LAC,2227,82,.397,1.7,17.5 
270,CLE,3023,81,.428,2.2,16.5 
271,TOT,2263,76,.523,1.8,11.3 
271,CHI,1391,48,.560,2.0,11.6 
271,IND,872,28,.463,1.4,10.8 
272,ORL,2123,63,.226,1.1,10.9 
273,IND,2889,79,.356,1.6,10.2 
274,GSW,1237,66,.251,1.3,10.6 
275,MIN,726,74,.216,0.9,9.5 
276,HOU,3116,74,.231,1.9,10.7 
277,ATL,2168,82,.311,1.5,12.7 
278,CHH,76,15,.000,2.1,28.6 
279,TOR,655,49,.235,1.0,14.7 
280,DET,217,30,.426,1.7,16.2 
Rk,Tm,MP,G,FTr,STL%,TOV% 
281,HOU,1110,68,.097,1.0,13.0 
282,ATL,1371,82,.198,0.8,14.4 
283,MIA,2455,75,.498,0.6,14.7 
284,GSW,1448,82,.369,1.3,14.6 
285,CLE,2312,71,.267,1.6,11.3 
286,TOR,473,40,.101,1.3,10.4 
287,PHI,2907,80,.568,0.5,16.3 
288,TOR,46,5,1.000,0.0,6.5 
289,CHH,1912,79,.196,1.7,10.4 
290,DAL,1357,62,.493,2.1,9.9 
291,DAL,2837,82,.269,1.0,15.8 
292,WAS,1498,70,.221,2.2,9.6 
293,MIN,2218,82,.108,1.1,12.0 
294,ATL,1273,42,.335,1.6,14.0 
295,DAL,724,47,.392,2.1,10.8 
296,HOU,2249,82,.268,2.0,18.1 
297,DAL,2891,76,.410,1.5,8.9 
298,IND,2707,72,.365,0.9,11.7 
299,LAL,2422,67,.583,0.9,10.0 
300,CHI,1383,57,.106,1.9,24.0 
Rk,Tm,MP,G,FTr,STL%,TOV% 
301,LAC,999,29,.258,1.2,19.5 
302,TOR,1378,61,.201,2.9,17.7 
303,GSW,139,20,.196,1.1,18.0 
304,TOT,1723,81,.643,1.9,19.0 
304,CHI,1146,52,.514,1.7,20.5 
304,IND,577,29,.970,2.4,15.4 
305,LAC,2568,80,.212,1.1,15.3 
306,UTA,1107,74,.647,0.7,16.5 
307,TOT,1928,83,.341,1.9,21.8 
307,ORL,160,10,.857,2.9,27.6 
307,PHO,1768,73,.302,1.8,21.3 
308,LAC,130,18,.159,1.2,20.3 
309,SEA,221,36,.439,1.0,22.3 
310,MIN,252,16,.221,2.7,21.1 
311,UTA,1295,75,.258,1.8,13.6 
312,TOT,790,69,.346,2.0,14.0 
312,BOS,518,41,.378,2.1,13.2 
312,PHO,272,28,.291,1.7,15.2 
313,SAS,2267,77,.250,2.1,17.5 
314,SAS,234,42,.096,1.6,13.9 
315,POR,1765,75,.443,2.4,13.4 
316,SEA,3301,82,.212,2.1,10.8 
317,MIN,2060,82,.085,1.6,9.7 
318,LAL,12,3,2.000,8.7,0.0 
319,MEM,48,2,.200,3.3,39.1 
320,CLE,2793,78,.131,1.5,6.9 
Rk,Tm,MP,G,FTr,STL%,TOV% 
321,TOR,1988,63,.220,2.0,9.3 
322,LAC,1718,71,.240,1.3,10.9 
323,BOS,3302,82,.402,2.4,11.4 
324,POR,1996,62,.244,2.7,20.5 
325,SAC,1881,80,.464,1.9,13.6 
326,MIL,426,45,.231,1.4,13.0 
327,SAS,1294,72,.259,1.9,19.2 
328,DEN,2238,73,.276,2.7,13.3 
329,NYK,179,23,.488,1.8,9.7 
330,BOS,1343,79,.399,1.4,15.1 
331,SAC,89,20,.481,1.7,23.4 
332,MIL,1128,71,.634,0.9,19.1 
333,SEA,1230,61,.203,2.5,15.7 
334,POR,238,41,.252,1.6,11.2 
335,ATL,82,3,.550,0.6,22.0 
336,DET,1179,74,.468,1.3,15.7 
337,TOT,33,6,.167,1.6,13.4 
337,CHH,2,1,0.0,0.0,0.0 
337,LAC,31,5,.167,1.7,13.4 
338,MIL,1417,67,.189,1.6,8.0 
339,ORL,714,68,.358,1.4,19.7 
340,HOU,606,20,.180,1.1,11.8 
Rk,Tm,MP,G,FTr,STL%,TOV% 
341,GSW,2629,80,.193,2.0,11.9 
342,TOT,67,11,.346,0.0,9.1 
342,IND,4,3,.000,0.0,0.0 
342,CHI,63,8,.391,0.0,10.0 
343,LAC,2152,81,.202,1.9,9.2 
344,LAL,709,64,.178,1.3,13.1 
345,DEN,173,10,.210,0.9,13.7 
346,DET,2855,80,.193,1.7,11.5 
347,SAS,2303,78,.588,2.0,10.9 
348,CHI,653,29,.194,1.9,11.8 
349,MIL,2346,66,.246,2.2,12.0 
350,NYK,10,2,.000,0.0,0.0 
351,IND,168,22,.442,1.6,8.9 
352,TOT,1880,77,.197,1.8,11.6 
352,PHO,1254,50,.185,2.1,10.3 
352,BOS,626,27,.225,1.3,14.7 
353,LAC,728,61,.149,0.9,8.8 
354,TOT,3153,83,.230,1.3,11.1 
354,IND,1937,53,.214,1.2,9.9 
354,CHI,1216,30,.254,1.4,12.8 
355,SAS,1725,82,.406,2.2,15.8 
356,PHI,169,15,.308,1.6,27.1 
357,UTA,1998,66,.240,1.7,14.6 
358,PHO,24,3,.000,0.0,20.0 
359,ORL,36,7,.357,4.3,11.0 
360,DEN,560,36,.231,2.9,19.5 
Rk,Tm,MP,G,FTr,STL%,TOV% 
361,NJN,290,28,.224,1.6,24.6 
362,DEN,252,21,.267,0.6,15.2 
363,SEA,142,9,.455,1.1,3.6 
364,LAL,631,58,.150,2.1,14.8 
365,WAS,343,30,.316,2.1,11.5 
366,ATL,3,1,0.0,0.0,0.0 
367,CLE,1107,65,.488,1.2,17.6 
368,TOT,47,8,.667,1.1,4.9 
368,NJN,10,4,.500,0.0,29.1 
368,ATL,37,4,.692,1.4,0.0 
369,SAS,1141,60,.152,2.4,11.4 
370,TOT,181,23,.508,1.7,6.1 
370,SAC,71,12,.571,1.4,7.1 
370,PHI,110,11,.476,2.0,5.6 
371,MIN,1922,72,.355,1.1,11.4 
372,ATL,100,14,.654,2.6,8.2 
373,SAS,2211,77,.265,1.3,12.4 
374,PHI,2225,61,.364,2.3,16.0 
375,MEM,872,62,.221,2.1,14.6 
376,NYK,248,32,1.269,1.5,22.8 
377,NYK,3326,81,.244,1.5,12.4 
378,DET,2685,76,.437,1.5,14.5 
379,UTA,929,66,.132,1.9,13.7 
380,MIA,884,67,.418,1.5,15.0 
Rk,Tm,MP,G,FTr,STL%,TOV% 
381,UTA,1134,67,.143,1.4,14.7 
382,TOR,93,11,.478,2.3,12.6 
383,CLE,665,50,.277,2.3,12.5 
384,UTA,2566,82,.414,3.2,18.5 
385,SAC,2649,71,.286,1.5,9.9 
386,POR,2796,75,.214,1.3,12.9 
387,BOS,1643,79,.318,1.8,14.5 
388,ATL,654,46,.216,1.5,11.1 
389,MIA,2294,76,.282,2.0,16.5 
390,IND,88,22,.050,1.8,8.9 
391,GSW,1780,78,.556,2.5,15.3 
392,MEM,1805,68,.499,1.5,14.1 
393,MIN,3117,82,.227,1.1,12.1 
394,ATL,2967,78,.279,2.5,11.7 
395,WAS,618,47,.490,1.5,12.4 
396,HOU,2484,72,.405,1.9,12.8 
397,NYK,2771,82,.283,1.4,12.7 
398,MIL,1987,74,.238,1.7,13.2 
399,IND,2442,80,.245,3.0,24.3 
400,HOU,1075,65,.308,1.3,11.2 
Rk,Tm,MP,G,FTr,STL%,TOV% 
401,CHH,678,61,.412,1.9,15.7 
402,MIN,1140,64,.378,1.0,11.5 
403,CLE,77,12,.304,5.5,29.7 
404,PHO,1582,67,.398,0.8,14.2 
405,SAC,1970,80,.335,1.5,9.3 
406,TOT,2496,72,.205,0.9,10.5 
406,DEN,1739,45,.191,0.9,10.5 
406,DAL,757,27,.245,1.0,10.3 
407,NJN,2465,81,.179,1.3,11.1 
408,DET,6,1,.333,0.0,22.5 
409,ATL,1856,82,.288,1.8,18.5 
410,PHO,900,59,.565,0.6,16.6 
411,BOS,3406,81,.192,1.9,12.1 
412,LAL,1655,69,.353,0.9,11.2 
413,DET,2921,80,.488,2.5,10.7 
414,SAC,430,54,.263,2.2,10.1 
415,PHO,490,46,.215,1.2,11.0 
416,POR,2963,79,.213,1.8,8.5 
417,NYK,1058,63,.191,3.4,18.6 
418,SEA,964,64,.170,3.4,18.3 
419,NYK,1728,56,.323,1.1,8.3 
420,SAC,2071,54,.314,2.2,11.4 
Rk,Tm,MP,G,FTr,STL%,TOV% 
421,POR,2348,74,.279,2.6,14.1 
422,CHH,2487,67,.207,1.6,10.7 
423,WAS,1346,71,.552,1.0,15.8 
424,DET,129,16,.233,3.7,17.5 
425,WAS,2171,82,.267,1.8,10.4 
426,NJN,1546,82,.424,1.0,13.2 
427,TOR,2927,82,.144,2.5,12.7 
428,BOS,1747,74,.569,2.3,16.5 
429,MEM,2236,65,.103,2.6,17.2 
430,TOR,1641,68,.526,2.6,12.5 
431,ORL,1284,68,.370,2.0,17.0 
432,DEN,737,41,.189,1.2,13.0 
433,SEA,603,50,.202,1.9,14.3 
434,HOU,1117,48,.129,0.9,11.2 
435,DET,1701,78,.370,1.5,12.8 
436,HOU,865,52,.306,1.6,11.3 
437,MIN,516,60,.625,1.7,22.7 
438,TOT,1642,55,.321,4.5,14.0 
438,CHI,823,27,.368,4.8,14.5 
438,IND,819,28,.263,4.2,13.4 
439,MEM,1251,43,.253,1.3,11.8 
