Rk,Tm,MP,G,FTr,STL%,TOV% 
1,POR,290,43,.379,0.7,14.0 
2,DEN,1505,67,.097,1.5,9.5 
3,ORL,1313,68,.472,0.9,14.0 
4,DEN,2346,66,.372,2.6,12.7 
5,DET,2006,78,.349,1.2,10.9 
6,POR,1710,80,.193,1.8,11.4 
7,WSB,587,42,.213,1.3,14.0 
8,DAL,236,34,.265,1.7,10.9 
9,TOT,924,68,.426,1.7,20.8 
9,MIL,247,26,.384,1.6,20.5 
9,NJN,18,1,.000,5.4,20.0 
9,DEN,659,41,.451,1.6,20.9 
10,ORL,1971,70,.302,1.8,10.4 
11,PHI,2340,82,.188,1.4,8.1 
12,SAS,2592,75,.215,1.5,13.3 
13,ORL,877,67,.483,1.5,9.1 
14,CHI,1731,82,.176,2.0,13.6 
15,GSW,85,7,.440,1.1,16.7 
16,MIA,266,39,.309,2.9,10.7 
17,CLE,52,12,.632,1.0,17.1 
18,UTA,2486,82,.311,1.1,11.6 
19,LAC,26,7,.250,0.0,18.4 
20,LAC,339,47,.802,0.7,18.6 
Rk,Tm,MP,G,FTr,STL%,TOV% 
21,PHI,2498,67,.564,2.2,12.6 
22,SEA,750,66,.273,1.5,13.4 
23,ATL,1863,79,.367,1.2,10.1 
24,TOT,945,56,.330,2.8,14.1 
24,PHO,263,16,.337,3.4,14.7 
24,DEN,682,40,.327,2.5,13.8 
25,DET,562,60,.322,0.2,10.4 
26,TOT,2236,70,.379,1.2,20.6 
26,LAC,1337,39,.363,0.9,20.4 
26,SEA,899,31,.403,1.6,20.8 
27,CLE,334,27,.439,1.2,13.5 
28,BOS,2277,60,.180,2.3,14.6 
29,DAL,2965,80,.248,1.2,9.8 
30,DET,214,38,.230,2.2,21.1 
31,NJN,2585,72,.169,3.2,15.6 
32,CHH,2299,81,.206,2.9,17.4 
33,PHI,1522,82,.250,0.5,25.7 
34,SAC,750,34,.330,2.6,13.5 
35,NJN,1916,62,.320,1.1,14.6 
36,MIN,1505,73,.182,1.2,12.8 
37,MIL,1912,75,.351,2.2,16.4 
38,MIN,980,80,.195,2.8,11.3 
39,CLE,1485,74,.287,0.9,14.3 
40,BOS,1945,82,.257,2.1,16.7 
Rk,Tm,MP,G,FTr,STL%,TOV% 
41,UTA,1391,82,.627,1.1,18.5 
42,TOT,294,30,.288,0.7,15.1 
42,LAL,27,7,.000,0.0,57.1 
42,UTA,267,23,.299,0.8,12.1 
43,POR,781,53,.498,0.9,11.8 
44,NJN,859,74,.292,1.9,9.3 
45,HOU,63,18,.548,2.3,7.2 
46,MIA,1928,76,.379,1.8,13.8 
47,LAC,37,9,.316,0.0,15.6 
48,SEA,2141,82,.252,2.0,14.4 
49,HOU,343,42,.205,2.7,24.9 
50,SAC,678,64,.411,1.6,18.4 
51,LAL,380,52,.398,1.5,10.0 
52,MIN,2893,77,.297,2.2,10.1 
53,SAC,2527,77,.317,0.9,10.9 
54,PHO,96,11,.333,0.5,22.5 
55,CHI,2273,79,.274,0.7,13.4 
56,ORL,1459,51,.408,1.1,12.6 
57,SAC,1719,76,.400,1.4,16.5 
58,PHO,730,63,.396,1.4,12.3 
59,PHO,2475,76,.361,1.2,10.7 
60,CHH,2100,70,.306,1.7,11.1 
Rk,Tm,MP,G,FTr,STL%,TOV% 
61,NYK,2147,76,.267,3.0,16.7 
62,CLE,110,18,.348,1.4,10.2 
63,MIN,320,52,.293,1.0,5.6 
64,NJN,2602,74,.402,1.3,14.4 
65,MIA,1355,82,.242,2.3,18.4 
66,SAC,251,19,.179,2.2,15.4 
67,TOT,1008,74,.454,4.2,18.9 
67,NJN,489,35,.378,3.7,17.3 
67,MIL,519,39,.542,4.6,20.7 
68,DEN,1121,58,.456,1.3,12.8 
69,POR,746,67,.290,0.4,11.9 
70,MIN,3196,82,.283,2.6,12.4 
71,SEA,147,28,.579,1.7,4.0 
72,UTA,26,4,1.667,0.0,16.1 
73,SAS,2195,67,.231,1.4,10.3 
74,CHH,159,9,.125,0.0,19.2 
75,CHH,1515,76,.159,2.4,9.5 
76,SEA,299,30,.400,1.2,9.4 
77,MIL,126,10,.520,2.0,8.9 
78,CLE,2946,76,.501,1.3,13.0 
79,DAL,1426,80,.316,1.6,15.3 
80,MIA,996,55,.525,0.9,11.0 
Rk,Tm,MP,G,FTr,STL%,TOV% 
81,TOT,1483,71,.136,2.3,8.8 
81,DEN,1044,39,.141,2.5,8.2 
81,POR,439,32,.118,2.0,10.9 
82,PHI,124,4,.268,1.2,14.9 
83,SAC,17,4,.000,0.0,12.5 
84,TOT,149,12,.265,0.7,25.5 
84,SAS,144,10,.273,0.7,26.0 
84,IND,5,2,.000,0.0,0.0 
85,LAL,2310,82,.438,2.3,16.1 
86,DAL,2800,82,.372,0.6,16.9 
87,MIA,2562,73,.392,2.3,17.9 
88,IND,1031,73,.541,1.1,19.2 
89,LAL,496,48,.176,1.5,26.7 
90,POR,2852,82,.392,2.4,12.9 
91,POR,2511,81,.287,0.6,13.2 
92,NJN,1560,61,.422,1.2,13.9 
93,DET,3046,80,.323,1.5,11.4 
94,DEN,217,17,.213,2.3,12.0 
95,WSB,1616,67,.291,1.4,11.8 
96,UTA,2580,80,.384,0.8,22.5 
97,UTA,1611,62,.252,1.8,16.9 
98,DET,1903,72,.372,0.3,12.0 
99,MIA,2000,79,.230,3.1,13.8 
100,CLE,2766,82,.181,2.2,16.1 
Rk,Tm,MP,G,FTr,STL%,TOV% 
101,TOT,644,33,.560,1.4,13.1 
101,PHI,20,3,.286,0.0,27.6 
101,GSW,624,30,.572,1.4,12.4 
102,SAS,3044,82,.412,1.1,11.3 
103,TOT,1424,51,.231,1.7,9.3 
103,SEA,800,30,.215,2.1,10.3 
103,MIL,624,21,.251,1.3,8.1 
104,WSB,1942,76,.336,1.2,16.7 
105,WSB,1443,70,.274,0.9,15.1 
106,DAL,1748,79,.191,1.2,11.3 
107,NYK,3104,81,.379,1.3,13.2 
108,TOT,456,27,.291,1.2,13.1 
108,PHI,13,2,.286,0.0,11.3 
108,DEN,443,25,.292,1.2,13.2 
109,HOU,372,52,.314,0.4,13.6 
110,ATL,1165,78,.438,1.4,15.5 
111,CLE,1661,81,.236,1.3,14.5 
112,IND,1929,69,.329,1.9,15.1 
113,HOU,1850,82,.262,2.5,11.8 
114,WSB,606,54,.289,1.0,15.9 
115,SAC,475,35,.357,2.3,17.1 
116,DEN,226,10,.371,1.9,22.0 
117,BOS,2706,82,.243,1.8,12.5 
118,LAC,1702,69,.303,2.7,16.5 
119,LAC,949,67,.335,3.1,19.6 
120,CHH,1552,72,.543,1.5,15.3 
Rk,Tm,MP,G,FTr,STL%,TOV% 
121,NJN,594,56,.207,2.0,16.6 
122,NJN,743,56,.289,1.2,9.2 
123,CHH,1944,82,.218,2.6,15.1 
124,TOT,2644,75,.329,1.3,13.2 
124,CHH,949,25,.337,1.8,12.8 
124,PHI,1695,50,.324,1.0,13.4 
125,MIN,606,51,.224,2.4,9.9 
126,TOT,2196,80,.196,0.9,8.8 
126,PHI,791,30,.222,1.0,9.0 
126,CHH,1405,50,.181,0.8,8.7 
127,MIN,20,10,.333,2.6,0.0 
128,DAL,168,26,.362,0.6,14.1 
129,LAC,2105,68,.126,2.4,25.3 
130,NYK,107,22,.222,4.3,25.2 
131,WSB,2842,77,.203,1.6,8.6 
132,CHI,2641,78,.378,1.8,9.7 
133,NYK,37,8,.250,0.0,13.1 
134,MIL,1422,82,.303,1.7,13.5 
135,LAL,2164,82,.557,1.4,12.8 
136,PHI,2248,79,.195,1.3,12.1 
137,SAS,1099,66,.273,1.4,17.1 
138,SAS,1018,63,.556,1.4,25.2 
139,UTA,1005,75,.101,2.1,9.4 
140,CHH,50,7,.095,3.0,15.5 
Rk,Tm,MP,G,FTr,STL%,TOV% 
141,NJN,1178,78,.528,0.8,13.0 
142,WSB,1023,70,.235,0.7,12.7 
143,SAC,811,36,.141,1.2,11.1 
144,GSW,3215,82,.246,3.1,13.6 
145,DAL,2879,77,.319,2.6,11.2 
146,LAC,1383,39,.298,2.3,13.5 
147,PHI,41,6,.250,1.2,14.5 
148,DET,113,27,.464,0.0,17.2 
149,PHI,3110,80,.440,2.9,12.5 
150,DET,392,23,.179,1.6,18.2 
151,MIL,690,68,.222,2.3,17.2 
152,SAC,61,7,.700,0.0,23.4 
153,GSW,2024,82,.404,1.2,9.0 
154,SAS,464,50,.156,0.8,17.8 
155,GSW,1192,74,.508,1.3,16.4 
156,NJN,91,9,.077,0.0,13.0 
157,CHI,843,73,.078,2.0,9.0 
158,TOT,155,30,.500,1.0,19.5 
158,CHH,112,19,.313,0.9,24.8 
158,PHI,43,11,1.000,1.2,5.5 
159,CHI,728,61,.340,1.7,17.4 
160,PHO,2733,80,.213,1.9,10.2 
Rk,Tm,MP,G,FTr,STL%,TOV% 
161,MIL,2726,80,.249,2.4,12.4 
162,WSB,316,33,.473,2.3,9.3 
163,NYK,1595,72,.315,1.9,18.9 
164,HOU,202,37,.239,1.4,13.8 
165,CLE,505,37,.283,1.5,11.5 
166,GSW,105,21,.250,0.4,7.0 
167,TOT,959,68,.314,2.3,19.0 
167,DEN,217,21,.471,2.7,24.8 
167,SAS,742,47,.263,2.2,16.8 
168,HOU,2279,73,.247,1.7,11.2 
169,TOT,2085,81,.229,1.4,9.0 
169,PHO,312,15,.156,1.4,10.8 
169,SEA,1773,66,.244,1.4,8.6 
170,PHO,2772,77,.538,2.8,16.0 
171,LAL,2933,79,.587,1.8,20.4 
172,GSW,228,24,.587,0.8,24.0 
173,DET,2390,82,.223,1.6,10.3 
174,WSB,1499,62,.403,1.7,24.0 
175,CHI,3034,82,.365,3.7,8.7 
176,SEA,2442,81,.480,1.6,15.5 
177,CLE,905,57,.238,1.6,14.0 
178,POR,2359,73,.369,2.0,12.6 
179,MIA,1259,78,.280,0.7,17.0 
180,CHH,473,44,.228,2.3,18.0 
Rk,Tm,MP,G,FTr,STL%,TOV% 
181,LAC,1004,62,.285,1.4,14.1 
182,WSB,2401,64,.321,1.1,12.9 
183,CHI,1198,76,.455,1.0,18.5 
184,ORL,2225,82,.364,0.5,20.6 
185,BOS,850,72,.317,0.9,17.6 
186,PHO,792,64,.383,1.2,17.4 
187,GSW,21,5,2.000,0.0,26.2 
188,ATL,1931,77,.168,1.9,12.7 
189,MIL,157,32,.210,1.6,14.0 
190,DET,2668,82,.189,0.7,10.4 
191,DEN,1383,62,.306,1.6,16.7 
192,PHO,1152,63,.688,0.7,15.5 
193,TOT,1122,72,.378,0.6,16.8 
193,SAC,378,32,.281,0.5,18.8 
193,CHH,744,40,.424,0.7,15.8 
194,NJN,265,48,.394,2.0,19.4 
195,DEN,148,10,.083,0.6,5.1 
196,ATL,9,4,0.0,0.0,0.0 
197,SAC,1399,55,.384,2.1,19.3 
198,SAS,99,7,.310,1.0,19.5 
199,DAL,86,4,.609,3.6,25.5 
200,CHI,1013,78,.323,1.4,13.4 
Rk,Tm,MP,G,FTr,STL%,TOV% 
201,BOS,2878,79,.279,1.7,9.7 
202,DEN,1171,76,.179,1.7,11.4 
203,DEN,860,29,.183,2.3,7.5 
204,GSW,1552,77,.514,0.6,18.0 
205,PHO,2,1,2.000,0.0,0.0 
206,MIL,1219,81,.130,2.0,12.0 
207,MIA,2514,80,.410,2.3,19.1 
208,DET,256,25,.294,1.8,12.7 
209,PHI,2439,80,.429,1.6,16.0 
210,PHO,2281,77,.363,2.2,10.7 
211,UTA,2466,69,.244,1.0,8.6 
212,UTA,3302,82,.552,1.4,10.9 
213,ATL,1912,82,.622,0.8,15.2 
214,LAC,2197,73,.338,2.6,15.3 
215,GSW,987,50,.674,2.9,13.7 
216,LAC,1334,74,.197,1.3,8.2 
217,DEN,21,3,2.000,2.0,0.0 
218,SAS,161,35,.750,1.2,14.0 
219,HOU,2870,82,.237,2.2,11.0 
220,SAC,2145,64,.457,1.9,15.5 
Rk,Tm,MP,G,FTr,STL%,TOV% 
221,IND,1070,74,.140,1.8,19.6 
222,ATL,689,56,.481,0.8,16.6 
223,DAL,2561,74,.292,1.4,14.4 
224,TOT,2634,81,.225,1.4,12.4 
224,SEA,529,15,.238,2.5,11.1 
224,PHO,2105,66,.221,1.1,12.8 
225,BOS,2067,68,.302,0.6,11.9 
226,SEA,2503,73,.328,1.8,14.0 
227,SEA,1434,78,.305,3.6,26.1 
228,ORL,13,2,.000,0.0,0.0 
229,SEA,53,13,.143,6.6,16.8 
230,IND,2972,82,.515,1.8,10.2 
231,TOT,819,55,.229,1.9,11.9 
231,DEN,279,17,.183,2.4,12.2 
231,NJN,540,38,.262,1.7,11.8 
232,MIN,3121,82,.392,1.1,8.1 
233,GSW,257,36,.254,1.4,9.6 
234,ATL,1096,72,.438,2.2,18.7 
235,NJN,2553,79,.254,2.6,13.5 
236,CLE,1207,66,.507,2.5,24.2 
237,GSW,3315,82,.400,2.4,12.6 
238,UTA,29,11,1.714,1.7,28.9 
239,MIN,1063,52,.463,1.2,10.5 
240,NYK,825,62,.382,0.9,18.6 
Rk,Tm,MP,G,FTr,STL%,TOV% 
241,SAS,103,8,.478,1.4,33.5 
242,CLE,2927,80,.273,1.1,8.8 
243,DEN,125,10,.629,1.4,29.8 
244,PHO,573,55,.392,2.0,14.3 
245,CHH,2477,81,.468,2.0,13.4 
246,LAC,2309,70,.265,1.3,10.7 
247,UTA,85,21,.688,0.6,16.1 
248,NYK,2739,76,.513,1.1,22.8 
249,MIA,261,31,.182,1.1,11.9 
250,HOU,2062,56,.289,2.9,13.9 
251,IND,19,4,.000,0.0,0.0 
252,PHI,800,73,.261,2.1,14.2 
253,CLE,1181,70,.184,0.9,11.5 
254,UTA,85,28,.333,1.8,10.4 
255,BOS,2441,81,.381,1.3,13.9 
256,CHI,1971,82,.071,1.6,10.4 
257,PHI,444,47,.153,1.1,9.4 
258,SEA,2244,82,.169,3.7,22.6 
259,CHI,972,74,.477,1.2,20.9 
260,LAL,2504,73,.375,1.3,10.6 
Rk,Tm,MP,G,FTr,STL%,TOV% 
261,PHO,587,46,.486,1.9,15.5 
262,IND,2566,80,.186,1.1,12.1 
263,GSW,834,62,.322,0.7,15.1 
264,TOT,1015,61,.278,2.0,12.8 
264,POR,133,18,.310,2.2,12.9 
264,NJN,882,43,.273,2.0,12.7 
265,TOT,2167,78,.407,1.4,9.7 
265,MIL,1327,46,.432,1.4,9.8 
265,SEA,840,32,.367,1.3,9.6 
266,BOS,1165,70,.477,2.6,13.3 
267,CHI,3014,82,.295,3.2,15.1 
268,TOT,2092,79,.447,1.0,11.5 
268,SEA,960,48,.376,1.4,13.0 
268,LAC,1132,31,.529,0.7,9.8 
269,BOS,64,19,.313,0.8,14.2 
270,POR,2665,81,.359,2.8,14.7 
271,SAS,1683,70,.312,1.8,21.2 
272,CLE,571,16,.318,3.7,20.1 
273,GSW,773,62,.336,1.8,18.3 
274,NYK,1011,68,.119,1.1,14.0 
275,PHO,900,62,.509,1.3,18.0 
276,DEN,2325,70,.105,0.9,8.0 
277,CHH,2467,80,.335,1.7,14.7 
278,PHI,37,3,.000,1.4,17.6 
279,ORL,1843,80,.528,2.5,15.0 
280,MIA,2646,77,.175,1.8,11.4 
Rk,Tm,MP,G,FTr,STL%,TOV% 
281,MIN,3154,82,.122,2.2,10.9 
282,GSW,3027,77,.327,1.9,12.4 
283,ATL,2586,79,.257,2.8,9.9 
284,MIL,2114,82,.312,1.5,15.1 
285,MIL,2598,81,.291,4.7,17.2 
286,POR,1940,82,.390,1.9,12.3 
287,SAS,3095,82,.569,2.0,13.7 
288,TOT,425,36,.180,1.8,14.3 
288,GSW,170,24,.254,2.5,19.6 
288,WSB,255,12,.132,1.4,10.3 
289,ATL,674,47,.331,2.3,21.5 
290,DET,2747,82,.314,1.2,12.9 
291,DET,202,37,.424,0.5,27.7 
292,UTA,874,82,.249,2.1,24.4 
293,DET,1649,74,.679,1.6,15.7 
294,SAC,348,25,.204,1.6,21.0 
295,CHH,43,3,.143,1.1,6.3 
296,IND,1357,80,.115,1.3,11.1 
297,MIL,2228,82,.549,1.2,12.5 
298,CHH,227,39,.538,1.3,7.7 
299,SAS,398,42,.258,0.2,16.5 
300,IND,2632,82,.649,1.1,14.1 
Rk,Tm,MP,G,FTr,STL%,TOV% 
301,LAL,2630,82,.141,1.8,7.1 
302,ORL,2336,82,.172,1.3,9.1 
303,MIA,2171,64,.507,1.1,16.9 
304,DAL,510,57,.681,1.4,15.2 
305,BOS,2772,79,.264,1.8,17.5 
306,MIL,1940,77,.285,1.7,14.3 
307,SAC,2978,79,.334,1.9,13.4 
308,ORL,2714,79,.363,1.6,17.3 
309,BOS,30,5,.714,1.6,24.6 
310,LAC,2703,74,.414,1.4,10.7 
311,WSB,45,5,1.500,1.1,13.1 
312,BOS,16,2,1.000,3.0,14.8 
313,HOU,2699,78,.339,1.9,17.1 
314,HOU,1923,81,.190,2.1,24.6 
315,BOS,389,47,.135,0.8,14.9 
316,ORL,1885,75,.334,2.2,11.9 
317,LAL,695,64,.259,2.1,22.0 
318,IND,1690,76,.268,0.7,9.8 
319,TOT,95,15,.444,1.5,8.5 
319,GSW,25,5,.364,3.7,13.6 
319,LAC,70,10,.500,0.7,4.9 
320,SAC,2375,80,.110,1.8,13.7 
Rk,Tm,MP,G,FTr,STL%,TOV% 
321,MIN,2099,81,.661,1.2,13.5 
322,NYK,1173,61,.256,2.5,14.0 
323,MIL,6,3,.667,0.0,0.0 
324,UTA,3103,82,.444,3.8,20.3 
325,SAS,2076,58,.324,2.7,17.3 
326,MIA,225,24,.103,1.5,12.5 
327,DAL,171,5,.228,1.8,13.0 
328,LAL,1498,82,.234,1.1,9.0 
329,NJN,2955,81,.275,1.4,15.3 
330,LAL,108,26,.420,1.9,18.0 
331,DET,1657,48,.344,2.4,19.5 
332,MIN,14,3,.000,3.7,20.0 
333,MIA,1481,73,.302,1.0,20.1 
334,IND,1946,82,.184,1.6,21.6 
335,LAL,1077,72,.386,1.1,15.0 
336,MIN,110,12,.769,0.0,34.1 
337,HOU,3039,82,.486,1.2,15.3 
338,SEA,2066,80,.207,2.7,13.2 
339,SAC,1116,33,.314,1.0,11.7 
340,GSW,1371,62,.397,1.2,13.6 
Rk,Tm,MP,G,FTr,STL%,TOV% 
341,UTA,470,47,.266,1.5,14.8 
342,CHH,1289,77,.405,1.3,15.9 
343,NYK,1194,65,.062,1.9,9.4 
344,PHI,1407,70,.227,2.2,18.4 
345,ORL,1683,71,.211,0.8,17.8 
346,DAL,514,48,.277,2.8,13.1 
347,CLE,1841,65,.347,2.7,18.1 
348,NYK,2420,75,.311,0.9,9.3 
349,LAC,1178,73,.206,0.8,11.1 
350,ORL,975,49,.340,1.5,18.3 
351,BOS,166,31,.346,0.3,28.6 
352,MIA,116,13,.193,0.8,16.3 
353,WSB,2305,71,.288,1.7,20.3 
354,NYK,771,54,.429,1.2,11.7 
355,ATL,2197,75,.331,2.6,13.7 
356,SAC,1455,77,.227,1.6,10.1 
357,MIN,824,75,.341,2.2,12.7 
358,PHO,1957,82,.539,0.8,15.4 
359,DAL,1901,79,.338,2.2,14.6 
360,ORL,350,34,.231,3.3,22.2 
Rk,Tm,MP,G,FTr,STL%,TOV% 
361,ATL,3078,81,.350,1.9,9.6 
362,NYK,668,68,.353,1.3,14.5 
363,NYK,2164,68,.256,1.9,15.3 
364,POR,2582,80,.518,0.9,15.8 
365,DAL,1832,60,.198,0.8,13.7 
366,CLE,1293,43,.381,1.4,11.1 
367,PHI,508,52,.348,0.9,17.7 
368,WSB,941,33,.247,2.0,13.5 
369,IND,527,75,.279,1.0,16.9 
370,IND,1706,73,.631,4.2,18.3 
371,TOT,1896,73,.230,2.6,10.6 
371,SAS,354,22,.323,2.8,19.9 
371,DEN,1542,51,.214,2.5,8.7 
372,CHI,337,51,.269,1.8,16.5 
373,ATL,2373,80,.270,1.2,13.4 
374,ATL,162,25,.371,1.5,17.3 
375,HOU,607,64,.184,1.3,10.2 
376,SAS,563,25,.297,1.6,21.2 
377,IND,355,41,.076,1.4,10.9 
378,DEN,1593,74,.160,1.6,14.6 
379,HOU,1421,82,.381,2.0,17.9 
380,SAC,222,12,.333,1.1,14.2 
Rk,Tm,MP,G,FTr,STL%,TOV% 
381,TOT,171,15,.169,1.4,12.7 
381,HOU,125,11,.222,1.9,10.6 
381,CLE,46,4,.043,0.0,17.6 
382,DEN,1823,53,.447,1.6,11.4 
383,WSB,2034,73,.258,2.1,19.1 
384,LAL,3008,78,.183,1.8,7.5 
385,TOT,164,15,.511,1.2,16.0 
385,ATL,20,4,.333,0.0,36.8 
385,ORL,136,8,.512,1.1,15.2 
385,DAL,8,3,.667,6.4,0.0 
386,BOS,39,6,.667,1.3,20.5 
