Rk,Tm,MP,G,FTr,STL%,TOV% 
1,SAC,876,59,.318,1.6,10.0 
2,MEM,15,2,.833,10.3,19.6 
3,OKC,2014,80,.460,1.0,14.1 
4,NYK,2371,71,.164,0.5,8.7 
5,NOP,861,59,.197,1.1,13.6 
6,LAC,800,60,.373,2.9,19.6 
7,SAS,2261,74,.289,0.9,7.8 
8,POR,36,8,.000,1.4,9.1 
9,IND,1599,79,.197,0.8,14.6 
10,MEM,1620,64,.294,3.5,12.8 
11,POR,2341,82,.217,1.5,13.2 
12,NYK,204,29,.509,1.5,18.8 
13,TOT,402,27,.500,1.9,9.3 
13,MIA,36,7,.400,1.4,14.5 
13,MEM,366,20,.516,2.0,8.4 
14,WAS,192,13,.254,1.0,3.0 
15,SAC,721,51,.163,1.4,18.0 
16,DAL,647,55,.314,1.5,10.8 
17,SAS,1245,78,.281,2.5,15.1 
18,NOP,2008,66,.245,0.9,8.0 
19,MIL,2823,80,.404,1.7,14.8 
20,NYK,6,2,.000,0.0,0.0 
Rk,Tm,MP,G,FTr,STL%,TOV% 
21,NYK,2530,72,.308,1.3,10.6 
22,DET,96,19,.800,1.1,12.9 
23,ORL,27,5,.250,1.9,25.3 
24,HOU,2859,81,.187,2.8,10.8 
25,DEN,1516,70,.108,1.8,11.4 
26,NOP,1178,68,.574,0.9,19.7 
27,TOT,1178,62,.366,1.6,17.1 
27,OKC,519,34,.281,1.2,18.1 
27,DEN,659,28,.410,1.9,16.6 
28,LAC,107,17,.261,0.0,19.0 
29,NOP,845,47,.173,0.6,6.9 
30,CHI,103,18,.200,1.0,8.4 
31,GSW,1079,68,.168,2.0,11.8 
32,DAL,1667,74,.135,0.8,13.0 
33,BRK,634,46,.204,0.3,7.9 
34,GSW,2042,66,.212,1.0,7.6 
35,MEM,2190,76,.199,1.8,13.8 
36,DEN,2353,82,.273,1.5,11.2 
37,LAL,1342,66,.467,1.2,9.9 
38,CHO,2448,70,.220,1.3,17.6 
39,MIL,1505,52,.206,1.6,13.3 
40,DET,1233,81,.430,0.9,12.8 
Rk,Tm,MP,G,FTr,STL%,TOV% 
41,ATL,2083,75,.208,2.3,14.8 
42,WAS,1708,55,.220,1.5,11.3 
43,HOU,363,20,.239,1.5,9.6 
44,SAC,1672,68,.217,1.1,10.3 
45,TOR,84,19,.370,3.1,11.3 
46,HOU,2041,71,.148,2.3,12.6 
47,TOR,1808,82,.785,0.5,15.5 
48,MIN,1075,60,.234,1.2,15.3 
49,LAL,496,39,.433,1.4,15.1 
50,WAS,218,29,.191,1.8,16.9 
51,DET,986,58,.083,1.2,24.6 
52,PHO,1059,31,.350,2.9,16.2 
53,BRK,2115,79,.176,0.7,12.5 
54,GSW,1451,70,.179,1.1,21.6 
55,SAS,206,30,.070,1.5,4.9 
56,PHO,2108,76,.295,1.0,14.0 
57,UTA,1632,79,.273,1.9,15.7 
58,MIA,1778,53,.349,1.0,8.1 
59,BOS,2536,76,.121,2.2,9.2 
60,PHI,225,17,.125,2.0,12.6 
Rk,Tm,MP,G,FTr,STL%,TOV% 
61,HOU,1669,82,.254,2.5,11.3 
62,CHI,1108,69,.136,1.4,14.2 
63,LAL,599,29,.159,1.2,10.0 
64,PHO,61,8,.160,2.4,25.2 
65,BRK,982,62,.292,2.0,12.9 
66,LAL,1863,66,.252,1.7,9.4 
67,TOT,929,66,.234,1.7,14.3 
67,IND,729,49,.247,2.0,12.6 
67,PHO,200,17,.178,0.7,21.1 
68,DET,429,37,.153,1.2,7.1 
69,UTA,1366,64,.129,1.4,10.7 
70,UTA,797,31,.422,1.2,11.4 
71,SAC,176,17,.203,2.5,4.5 
72,CHI,2474,67,.459,2.2,9.6 
73,SAS,432,46,.154,1.5,6.7 
74,TOR,43,6,.000,2.4,25.0 
75,NYK,2024,72,.105,1.6,15.4 
76,DET,2789,76,.238,2.0,9.0 
77,PHI,1966,77,.249,1.4,10.2 
78,HOU,1471,77,.531,2.0,10.9 
79,TOR,786,26,.185,2.9,8.8 
80,MEM,1005,60,.245,1.9,8.4 
Rk,Tm,MP,G,FTr,STL%,TOV% 
81,MIL,1649,54,.292,2.5,19.6 
82,SAC,1880,69,.256,1.4,12.0 
83,SAC,1412,66,.369,1.6,10.5 
84,TOT,1373,61,.590,3.3,16.4 
84,MIA,120,6,.406,3.4,19.3 
84,MEM,1253,55,.604,3.3,16.2 
85,PHO,1618,66,.545,1.1,19.3 
86,IND,6,1,.000,0.0,0.0 
87,GSW,578,66,.168,1.4,16.5 
88,BOS,6,3,.000,0.0,20.0 
89,LAL,2552,79,.186,1.7,10.2 
90,NOP,1198,45,.134,1.5,12.8 
91,SAC,2219,74,.291,1.6,12.9 
92,OKC,699,59,.303,1.1,28.8 
93,MEM,1761,56,.329,2.0,9.5 
94,POR,143,34,.102,0.7,16.3 
95,MIL,156,24,.137,0.7,10.0 
96,TOT,39,8,.000,3.7,33.3 
96,PHO,33,3,.000,4.4,38.5 
96,MEM,6,5,.000,0.0,0.0 
97,SAC,2246,65,.498,2.2,13.3 
98,PHI,1903,67,.249,2.7,15.3 
99,POR,2105,81,.167,1.5,8.1 
100,LAC,2126,79,.289,1.2,9.6 
Rk,Tm,MP,G,FTr,STL%,TOV% 
101,BOS,2308,73,.294,2.7,8.3 
102,NOP,1971,80,.199,1.1,8.4 
103,TOT,410,44,.524,1.8,14.0 
103,CLE,355,40,.527,1.7,13.8 
103,MIL,55,4,.500,1.9,14.9 
104,SAC,692,44,.241,1.5,12.7 
105,GSW,2700,79,.250,3.0,12.9 
106,CHO,476,43,.048,1.2,11.2 
107,NOP,2164,61,.379,1.8,8.4 
108,POR,1684,81,.605,1.7,13.0 
109,LAC,29,6,.200,0.0,0.0 
110,ORL,705,58,.429,1.6,13.2 
111,NOP,279,14,.304,1.8,12.3 
112,HOU,6,3,0.0,8.2,0.0 
113,CLE,1867,76,.129,1.2,17.7 
114,MIA,2394,74,.258,1.6,8.9 
115,TOR,2804,78,.474,1.5,9.5 
116,SAS,1386,76,.198,1.0,18.9 
117,MIN,2220,82,.428,2.1,16.9 
118,DET,159,12,.611,1.0,9.3 
119,NOP,1262,61,.222,2.8,11.6 
120,MIA,2363,72,.189,1.5,16.3 
Rk,Tm,MP,G,FTr,STL%,TOV% 
121,DET,2666,81,.553,2.3,10.5 
122,WAS,2098,81,.201,1.7,13.1 
123,SAC,24,1,.000,2.0,0.0 
124,SAS,1536,61,.297,1.6,15.3 
125,CHI,703,31,.197,1.0,11.3 
126,OKC,2578,72,.361,1.3,13.5 
127,NYK,154,17,.100,0.7,17.7 
128,WAS,147,26,.123,1.7,1.4 
129,BRK,1615,76,.112,1.5,7.1 
130,IND,2734,81,.202,2.7,15.4 
131,TOT,329,22,.301,2.4,12.9 
131,MIA,7,3,0.0,0.0,0.0 
131,MEM,40,10,.769,5.1,10.3 
131,NOP,282,9,.240,2.1,13.3 
132,MIL,654,46,.182,1.9,18.6 
133,DAL,251,30,.438,1.2,10.9 
134,NOP,765,25,.296,2.1,17.1 
135,GSW,770,46,.579,1.1,11.7 
136,DEN,1694,67,.355,0.9,11.2 
137,MEM,291,12,.100,2.7,14.7 
138,UTA,1983,62,.313,2.0,10.1 
139,CHI,321,31,.486,0.9,12.9 
140,DAL,2192,80,.258,1.6,13.7 
Rk,Tm,MP,G,FTr,STL%,TOV% 
141,ORL,2566,79,.256,1.9,11.4 
142,TOT,1642,81,.154,1.2,14.3 
142,DEN,1070,54,.141,1.2,14.1 
142,OKC,572,27,.181,1.1,14.8 
143,TOT,741,51,.323,2.2,19.9 
143,POR,272,35,.250,1.8,28.8 
143,NOP,469,16,.349,2.4,16.3 
144,TOT,18,6,1.000,2.8,21.7 
144,NOP,13,4,.000,3.8,20.0 
144,NYK,5,2,5.000,0.0,23.8 
145,TOT,1200,70,.101,1.2,10.6 
145,ORL,754,44,.113,1.4,13.3 
145,CLE,446,26,.087,0.9,7.2 
146,DEN,1839,53,.617,1.1,8.0 
147,NYK,2033,82,.194,1.9,8.7 
148,MIN,556,38,.183,2.5,11.4 
149,MEM,1791,52,.347,1.4,12.7 
150,CHI,2291,72,.290,0.9,12.8 
151,SAC,2379,70,.252,2.0,11.1 
152,NOP,1632,73,.259,1.9,16.2 
153,IND,2819,81,.364,2.7,13.6 
154,CHI,1936,73,.292,1.2,12.1 
155,SAS,1134,58,.257,3.0,17.0 
156,UTA,1932,61,.799,1.2,19.2 
157,WAS,305,30,.136,1.3,10.6 
158,PHO,1114,57,.457,1.2,16.5 
159,ORL,1863,78,.333,1.6,9.0 
160,NOP,1481,45,.226,1.4,10.7 
Rk,Tm,MP,G,FTr,STL%,TOV% 
161,WAS,2256,75,.271,1.0,12.4 
162,HOU,50,8,.200,5.9,24.3 
163,PHI,2066,77,.538,1.3,12.9 
164,NYK,1265,76,.315,2.0,16.3 
165,SAS,2062,79,.082,2.0,11.4 
166,GSW,2808,81,.402,2.0,21.2 
167,TOT,42,9,.154,1.3,0.0 
167,DEN,7,3,.000,0.0,0.0 
167,UTA,35,6,.167,1.5,0.0 
168,MIA,1557,69,.157,1.3,6.8 
169,MEM,1446,78,.277,1.6,13.0 
170,TOT,2253,80,.267,1.3,9.2 
170,MEM,1544,53,.278,1.3,9.9 
170,LAC,709,27,.243,1.3,7.5 
171,LAC,1170,35,.322,1.2,10.8 
172,CHO,63,12,1.000,2.4,27.5 
173,TOT,1313,66,.157,1.2,8.6 
173,CHO,938,48,.152,1.3,7.5 
173,MEM,375,18,.167,1.1,10.7 
174,NOP,304,11,.181,1.3,12.0 
175,CHO,343,44,.915,1.8,10.8 
176,ATL,864,51,.211,1.2,7.4 
177,HOU,3125,82,.518,2.2,15.9 
178,POR,1457,78,.270,1.7,11.9 
179,DET,35,5,.200,1.4,15.5 
180,HOU,379,39,.511,1.4,13.4 
Rk,Tm,MP,G,FTr,STL%,TOV% 
181,DAL,1280,64,.374,2.4,13.2 
182,DEN,2439,76,.174,2.0,10.6 
183,CLE,15,5,.000,0.0,20.0 
184,TOT,2513,76,.273,1.3,9.8 
184,ORL,1610,49,.283,1.5,11.4 
184,DET,903,27,.259,1.0,7.2 
185,CHO,93,21,.632,3.2,14.1 
186,MIA,260,37,.262,1.0,6.8 
187,CHO,1035,57,.212,1.1,14.8 
188,HOU,24,2,1.000,0.0,51.0 
189,UTA,2893,80,.397,1.7,12.5 
190,POR,1431,72,.276,1.4,10.3 
191,MIL,960,57,.402,1.0,15.7 
192,ORL,1413,79,.129,1.4,18.0 
193,LAL,1878,81,.353,0.9,13.8 
194,TOT,436,35,.665,1.7,11.1 
194,DEN,305,20,.541,1.6,10.6 
194,WAS,131,15,.957,1.9,12.1 
195,WAS,1094,57,.482,2.4,14.0 
196,IND,2524,74,.203,1.6,11.1 
197,IND,1513,73,.228,1.2,13.2 
198,IND,866,59,.202,2.1,12.7 
199,DET,383,38,.305,1.2,11.3 
200,TOT,631,46,.124,1.2,18.1 
200,CHI,555,35,.136,1.2,17.8 
200,ATL,76,11,.000,1.3,21.4 
Rk,Tm,MP,G,FTr,STL%,TOV% 
201,NOP,1831,65,.231,2.4,14.0 
202,TOT,773,53,.162,2.1,13.8 
202,ATL,263,26,.137,2.4,14.4 
202,CHI,510,27,.174,1.9,13.5 
203,TOT,460,37,.532,0.7,19.8 
203,WAS,48,5,.000,0.0,30.0 
203,MEM,412,32,.583,0.7,18.8 
204,BRK,615,29,.377,3.2,13.9 
205,PHI,702,51,.333,1.3,11.2 
206,UTA,2541,79,.206,1.5,10.5 
207,ATL,2631,82,.123,1.3,8.8 
208,HOU,2280,71,.790,1.5,17.0 
209,LAL,869,53,.126,1.5,24.8 
210,OKC,55,5,.333,0.9,17.9 
211,TOT,835,53,.285,0.9,10.3 
211,WAS,466,28,.196,0.3,10.4 
211,PHO,74,4,.222,2.0,9.2 
211,ATL,295,21,.446,1.7,10.4 
212,BOS,315,36,.071,2.2,9.8 
213,OKC,2500,78,.139,0.8,10.5 
214,GSW,1732,65,.226,2.0,16.3 
215,TOT,1881,74,.233,1.4,8.9 
215,DET,1434,52,.215,1.3,9.6 
215,ORL,447,22,.294,1.6,6.5 
216,UTA,1241,81,.062,2.3,17.9 
217,MIL,156,20,.216,2.0,21.4 
218,CLE,1667,53,.217,1.7,11.4 
219,BRK,1027,32,.313,1.7,18.8 
220,DET,2424,79,.271,1.2,13.8 
Rk,Tm,MP,G,FTr,STL%,TOV% 
221,CLE,2709,76,.347,2.0,13.2 
222,CHO,1096,47,.220,1.4,5.8 
223,PHO,50,8,.273,0.0,0.0 
224,CLE,1326,74,.279,1.3,10.9 
225,TOT,480,43,.150,0.8,13.7 
225,DAL,193,21,.129,0.8,12.9 
225,PHO,287,22,.167,0.8,14.2 
226,TOT,868,48,.257,1.7,14.4 
226,DET,416,23,.266,1.3,12.1 
226,ORL,452,25,.248,2.0,16.4 
227,BOS,1176,78,.273,0.8,14.0 
228,BOS,1800,79,.284,1.4,16.4 
229,UTA,857,70,.216,2.0,15.8 
230,TOR,926,57,.283,1.6,16.7 
231,TOT,2703,81,.165,1.1,14.7 
231,BRK,1934,57,.178,1.0,15.0 
231,MIA,769,24,.135,1.4,13.9 
232,TOT,101,7,.235,1.5,9.6 
232,PHO,47,2,.353,2.1,4.8 
232,NOP,54,5,.118,0.9,14.4 
233,DET,1687,73,.170,1.6,15.0 
234,MIA,863,36,.263,1.4,14.8 
235,LAC,1666,80,.089,2.7,9.2 
236,DEN,1733,80,.317,2.3,13.2 
237,CLE,42,1,.000,1.2,0.0 
238,CLE,463,48,.183,1.2,7.8 
239,HOU,1044,50,.316,1.1,10.5 
240,MIN,573,37,.250,2.7,16.0 
Rk,Tm,MP,G,FTr,STL%,TOV% 
241,LAC,2598,77,1.219,1.0,12.1 
242,TOR,2046,80,.297,1.6,13.4 
243,POR,112,16,.070,0.4,15.3 
244,CHO,1708,81,.282,1.1,8.9 
245,OKC,1721,82,.349,0.7,12.2 
246,BRK,399,40,.378,0.8,20.3 
247,CLE,95,25,.647,2.2,24.3 
248,LAL,470,36,.362,1.4,9.4 
249,CHO,205,7,.475,0.7,9.8 
250,TOT,616,31,.248,1.0,9.4 
250,DEN,82,8,.381,1.2,14.0 
250,BRK,534,23,.237,0.9,8.9 
251,PHO,1870,52,.204,1.6,15.4 
252,ATL,2401,80,.088,1.2,13.3 
253,SAC,1482,78,.234,1.3,8.9 
254,CHO,1227,66,.173,1.7,8.4 
255,PHI,569,36,.364,1.0,7.1 
256,BRK,1751,78,.213,2.7,21.0 
257,DEN,1041,59,.182,0.6,11.6 
258,MIN,2294,82,.212,1.5,12.9 
259,TOT,1411,66,.243,1.9,19.5 
259,HOU,1176,53,.279,1.8,20.3 
259,IND,235,13,.090,2.1,15.7 
260,TOT,2334,79,.185,1.9,9.4 
260,MEM,1489,51,.220,1.8,9.6 
260,CHO,845,28,.118,2.0,9.0 
Rk,Tm,MP,G,FTr,STL%,TOV% 
261,TOT,903,55,.278,1.2,14.9 
261,BOS,470,30,.266,1.2,15.1 
261,DAL,433,25,.294,1.2,14.8 
262,PHO,1821,78,.383,1.0,16.6 
263,SAS,2380,72,.306,2.8,7.8 
264,POR,1333,61,.106,0.3,14.5 
265,PHO,1255,67,.217,1.5,12.8 
266,POR,2676,75,.315,1.2,12.6 
267,CHO,2048,78,.401,1.4,14.9 
268,GSW,1520,78,.245,1.8,15.7 
269,GSW,21,5,.000,0.0,12.5 
270,BRK,2457,73,.348,1.2,11.6 
271,NYK,2219,82,.243,0.4,15.4 
272,CLE,2424,77,.321,1.2,11.3 
273,TOR,2851,77,.410,2.9,13.7 
274,UTA,1382,80,.188,1.0,12.1 
275,TOT,1058,52,.147,1.7,17.7 
275,ATL,179,24,.126,2.2,12.3 
275,UTA,879,28,.153,1.6,19.2 
276,IND,1816,71,.502,1.8,15.5 
277,ORL,249,28,.338,2.6,7.9 
278,SAS,508,54,.655,1.2,11.5 
279,PHI,400,30,.110,2.0,25.8 
280,MEM,380,27,.534,1.1,11.7 
Rk,Tm,MP,G,FTr,STL%,TOV% 
281,TOT,1095,55,.411,1.2,9.8 
281,MIN,834,39,.425,1.0,9.4 
281,SAS,261,16,.353,1.8,11.7 
282,DAL,2644,78,.171,1.5,7.8 
283,MIL,1090,41,.125,2.2,17.5 
284,LAC,1274,75,.275,1.7,12.8 
285,GSW,262,41,.583,1.8,13.2 
286,TOT,475,41,.103,1.3,13.6 
286,SAS,256,31,.149,1.0,13.3 
286,MEM,219,10,.063,1.6,13.8 
287,POR,2780,80,.158,1.7,11.4 
288,PHI,1606,81,.088,2.9,22.5 
289,BRK,362,24,.211,3.9,11.2 
290,HOU,235,37,.417,1.5,16.6 
291,CHI,1861,81,.130,0.4,7.2 
292,OKC,72,20,.435,0.7,20.3 
293,DAL,370,34,.269,0.7,12.3 
294,SAC,1443,68,.226,1.7,16.5 
295,TOT,195,22,.359,0.7,14.2 
295,PHO,82,7,.577,1.8,15.5 
295,CLE,113,15,.250,0.0,13.5 
296,MIA,595,42,.270,1.6,15.3 
297,DET,43,3,.200,0.0,4.4 
298,DAL,397,34,.590,1.0,19.0 
299,BOS,57,16,.455,0.0,3.6 
300,MIL,2852,79,.273,2.3,12.3 
Rk,Tm,MP,G,FTr,STL%,TOV% 
301,IND,1464,64,.196,1.8,9.2 
302,TOT,461,39,.302,1.8,23.6 
302,MIN,280,26,.328,1.6,27.4 
302,SAS,181,13,.271,2.0,18.3 
303,DEN,373,47,.000,1.7,21.5 
304,SAS,1662,81,.095,1.8,10.7 
305,UTA,173,20,.462,2.1,16.1 
306,ATL,2647,81,.383,2.7,13.3 
307,CHI,1646,66,.297,1.8,12.9 
308,OKC,19,5,.400,0.0,33.8 
309,MIL,2314,79,.327,1.6,10.7 
310,POR,42,12,.211,0.0,16.2 
311,CHI,1263,59,.090,1.5,11.6 
312,SAC,48,8,.667,0.0,27.9 
313,DET,2856,80,.287,1.2,11.6 
314,TOT,1629,64,.205,1.7,14.7 
314,PHO,917,37,.213,1.8,16.0 
314,WAS,712,27,.192,1.7,12.6 
315,OKC,926,68,.117,1.2,4.6 
316,HOU,547,37,.259,1.5,16.2 
317,CLE,1326,76,.265,0.9,15.0 
318,DEN,2068,68,.231,1.6,17.9 
319,MIN,1682,82,.355,0.7,8.2 
320,MEM,244,14,.182,2.7,15.3 
Rk,Tm,MP,G,FTr,STL%,TOV% 
321,ATL,565,60,.257,1.1,13.8 
322,LAL,1266,63,.157,2.1,11.3 
323,ORL,600,55,.224,1.9,17.2 
324,WAS,807,40,.169,1.2,7.7 
325,DEN,1036,39,.114,1.2,17.0 
326,UTA,1499,81,.167,2.2,19.5 
327,ORL,823,56,.210,0.6,10.8 
328,CHI,635,29,.338,1.4,25.4 
329,PHI,1965,67,.387,2.9,18.7 
330,TOR,225,29,.341,2.8,17.9 
331,TOT,44,10,.056,0.0,5.1 
331,OKC,24,7,.000,0.0,7.7 
331,MIL,20,3,.167,0.0,0.0 
332,DAL,2364,75,.252,1.1,6.4 
333,DEN,547,32,.409,2.2,16.1 
334,UTA,6,2,.000,8.8,0.0 
335,MIL,857,66,.191,1.1,12.0 
336,NYK,764,65,.221,1.3,17.0 
337,PHI,1591,53,.248,0.7,12.5 
338,ORL,2379,72,.255,2.4,12.4 
339,BOS,1395,69,.230,1.8,10.8 
340,WAS,671,63,.232,1.6,12.8 
Rk,Tm,MP,G,FTr,STL%,TOV% 
341,DAL,2004,76,.587,1.6,16.8 
342,DEN,294,26,.212,2.2,22.5 
343,MIL,2408,76,.254,1.5,10.4 
344,SAS,1980,72,.241,1.4,14.3 
345,DAL,1799,61,.209,1.3,11.8 
346,ATL,395,35,.275,1.1,20.4 
347,TOR,2020,79,.069,1.4,11.3 
348,LAC,2420,74,.294,3.1,13.4 
349,MIN,486,52,.179,1.7,18.7 
350,OKC,698,57,.086,2.6,13.2 
351,ORL,2145,73,.260,2.1,17.9 
352,MIN,156,12,.400,0.3,13.3 
353,NOP,542,37,.333,1.0,32.3 
354,LAC,1231,68,.166,1.3,12.0 
355,UTA,82,12,.080,0.6,23.6 
356,POR,2084,82,.648,1.6,18.8 
357,MIL,870,61,.253,1.2,13.4 
358,WAS,2276,75,.176,2.2,8.3 
359,CHI,1102,62,.151,1.1,10.4 
360,NYK,2047,72,.271,1.3,10.9 
Rk,Tm,MP,G,FTr,STL%,TOV% 
361,DAL,992,69,.480,1.8,10.0 
362,TOR,725,49,.231,2.1,11.3 
363,TOT,283,23,.321,3.1,27.0 
363,PHI,170,14,.327,3.2,23.2 
363,PHO,113,9,.304,3.0,34.9 
364,PHO,1211,62,.136,3.0,17.9 
365,LAC,823,59,.054,3.2,24.6 
366,MIN,1462,77,.083,1.2,10.2 
367,LAL,2286,81,.323,1.2,13.5 
368,MEM,2016,68,.238,1.1,9.5 
369,LAC,2097,75,.233,1.0,7.4 
370,BRK,426,39,.414,0.7,9.2 
371,MIA,1107,52,.232,1.7,10.5 
372,LAC,1464,67,.225,1.6,9.7 
373,OKC,1553,70,.197,1.7,10.5 
374,TOT,470,51,.285,1.1,11.0 
374,CHO,333,30,.322,1.1,10.9 
374,POR,137,21,.200,1.1,11.4 
375,IND,508,45,.258,1.7,9.7 
376,NOP,23,2,.000,2.2,0.0 
377,BRK,917,71,.375,2.1,16.9 
378,SAC,2537,72,.192,2.7,24.7 
379,CHI,2097,66,.171,1.1,13.4 
380,TOR,1747,73,.099,1.6,6.6 
Rk,Tm,MP,G,FTr,STL%,TOV% 
381,BOS,311,39,.094,0.9,14.7 
382,MIN,2323,76,.536,3.5,21.0 
383,MIN,277,33,.129,0.5,16.6 
384,GSW,1055,72,.108,0.9,10.8 
385,LAL,2259,80,.199,2.1,15.9 
386,LAL,320,25,.507,0.6,11.6 
387,TOT,1160,73,.385,1.0,15.9 
387,PHI,691,47,.480,0.8,17.2 
387,DEN,469,26,.217,1.3,13.1 
388,ATL,1621,80,.233,2.1,17.5 
389,TOR,1636,76,.140,1.5,9.7 
390,ATL,1146,75,.168,1.1,9.4 
391,ATL,1758,75,.266,2.4,14.1 
392,NYK,526,48,.112,0.8,16.7 
393,WAS,1667,82,.478,1.3,13.8 
394,CLE,1316,54,.167,2.1,14.8 
395,SAS,813,55,.380,1.5,15.8 
396,BRK,263,14,.390,1.7,11.7 
397,OKC,977,68,.199,1.5,11.7 
398,BRK,1318,61,.297,1.2,16.8 
399,BOS,1667,61,.314,2.7,11.7 
400,MIN,192,18,.531,1.1,15.1 
Rk,Tm,MP,G,FTr,STL%,TOV% 
401,TOT,2239,77,.182,1.9,14.4 
401,NOP,617,27,.189,1.9,15.4 
401,PHI,1622,50,.180,1.9,14.0 
402,CLE,2362,77,.084,1.8,6.3 
403,ORL,1181,76,.133,1.4,9.7 
404,TOT,880,55,.192,1.9,16.9 
404,LAC,459,32,.233,2.0,17.1 
404,HOU,421,23,.148,1.9,16.7 
405,MEM,66,15,.591,3.9,20.2 
406,CHI,1301,64,.097,0.6,12.8 
407,GSW,832,72,.250,1.1,11.5 
408,ATL,579,36,.310,1.7,12.0 
409,PHI,1809,73,.217,1.2,13.6 
410,TOT,1372,69,.234,1.6,15.2 
410,LAC,680,43,.181,1.8,21.1 
410,MEM,692,26,.263,1.4,11.8 
411,TOT,73,8,.444,0.7,0.0 
411,LAC,12,4,2.000,0.0,0.0 
411,MEM,61,4,.385,0.8,0.0 
412,TOT,18,7,.400,2.8,0.0 
412,MEM,4,2,0.0,0.0,0.0 
412,MIA,14,5,.400,3.7,0.0 
413,MIA,762,52,.303,1.2,15.8 
414,IND,1275,58,.357,1.7,12.9 
415,BOS,1915,81,.200,1.9,10.4 
416,ATL,73,11,.421,0.7,18.2 
417,ATL,2255,79,.316,2.1,16.2 
418,PHO,1686,79,.199,0.9,9.0 
419,WAS,1951,80,.248,1.7,10.3 
420,HOU,1258,72,.088,1.8,11.1 
Rk,Tm,MP,G,FTr,STL%,TOV% 
421,BOS,2644,82,.394,1.7,11.9 
422,NYK,1313,59,.312,0.9,11.6 
423,PHI,2154,77,.141,0.8,9.5 
424,TOT,471,47,.500,1.3,10.2 
424,GSW,179,28,.762,1.1,11.1 
424,TOR,292,19,.333,1.4,9.6 
425,GSW,2666,80,.159,1.1,8.5 
426,CLE,2269,82,.576,0.9,10.4 
427,TOT,1109,61,.146,2.1,8.1 
427,HOU,885,47,.133,1.9,8.0 
427,WAS,224,14,.196,2.8,8.6 
428,DET,1341,72,.142,1.0,7.4 
429,DEN,305,21,.243,1.2,7.2 
430,MIN,2627,82,.239,1.1,12.6 
431,PHO,2540,82,.244,2.0,14.7 
432,BOS,2271,81,.238,1.7,16.9 
433,IND,1367,60,.228,0.9,10.3 
434,TOT,707,44,.101,1.0,20.4 
434,MEM,120,8,.065,1.3,18.9 
434,MIA,587,36,.112,1.0,20.8 
435,TOR,1557,60,.397,0.8,11.9 
436,TOT,496,53,.403,1.6,13.1 
436,CLE,310,31,.276,1.8,15.8 
436,GSW,186,22,.604,1.3,9.0 
437,MIL,460,23,.188,1.1,21.1 
438,MIL,1001,70,.056,1.5,9.3 
439,DAL,665,62,.073,1.4,8.4 
440,POR,1174,78,.183,1.2,14.3 
Rk,Tm,MP,G,FTr,STL%,TOV% 
441,ORL,2037,65,.143,1.3,10.0 
442,NYK,908,61,.141,1.9,13.0 
443,MIA,2258,74,.343,1.8,13.0 
444,OKC,2152,78,.222,1.9,13.4 
445,CHO,2885,81,.329,2.2,10.1 
446,WAS,2784,77,.255,2.5,17.5 
447,PHO,1070,47,.145,1.7,6.4 
448,ORL,656,33,.285,1.4,14.0 
449,TOT,169,7,.103,2.7,18.1 
449,MEM,166,6,.105,2.8,18.5 
449,MIA,3,1,.000,0.0,0.0 
450,TOT,499,43,.136,1.0,26.0 
450,PHO,421,36,.146,1.2,28.1 
450,PHI,78,7,.095,0.0,15.5 
451,SAS,1404,78,.179,1.6,12.3 
452,OKC,2750,80,.397,2.9,16.8 
453,MIA,2125,73,.482,1.1,14.2 
454,IND,41,7,.182,1.2,29.6 
455,MIN,2845,81,.437,1.4,10.6 
456,LAC,167,23,.182,3.0,2.7 
457,PHO,68,10,.583,2.9,16.6 
458,DAL,2106,65,.266,1.5,14.8 
459,NYK,1435,80,.453,1.0,8.3 
460,MEM,45,5,.400,0.0,7.8 
Rk,Tm,MP,G,FTr,STL%,TOV% 
461,LAL,1907,67,.612,1.6,10.8 
462,CHO,2338,81,.193,1.2,7.1 
463,CLE,748,41,.139,1.0,15.1 
464,MIA,2232,78,.253,1.6,15.6 
465,UTA,658,51,.364,1.7,13.0 
466,PHI,145,17,.396,1.7,3.1 
467,LAL,590,35,.322,1.9,6.9 
468,MEM,212,12,.462,1.2,13.8 
469,TOR,229,27,.438,1.8,14.4 
470,PHI,144,8,.569,1.0,26.3 
471,BOS,199,29,.111,1.5,11.7 
472,IND,384,41,.148,1.9,15.5 
473,LAL,1033,54,.204,1.1,6.9 
474,BRK,2407,73,.169,2.3,11.6 
475,CHO,1774,73,.531,1.6,11.2 
