Rk,Tm,MP,G,FTr,STL%,TOV% 
1,POR,1867,54,.379,1.4,13.0 
2,CHA,201,16,.245,2.3,25.9 
3,TOT,519,36,.158,0.9,8.7 
3,MIA,248,14,.184,0.9,11.8 
3,CHA,271,22,.139,1.0,6.1 
4,SEA,3064,78,.286,1.5,9.2 
5,BOS,1262,77,.393,3.1,14.5 
6,TOR,2717,80,.265,2.2,13.5 
7,NOH,1430,67,.531,0.5,12.7 
8,POR,1239,47,.223,1.6,14.0 
9,TOT,743,43,.184,2.3,18.4 
9,ATL,717,39,.195,2.4,18.2 
9,LAC,26,4,.000,0.0,21.4 
10,TOT,1171,66,.304,1.8,16.9 
10,NYK,20,1,.000,0.0,33.3 
10,MIA,1151,65,.307,1.8,16.7 
11,DEN,2608,75,.466,1.3,13.1 
12,TOR,736,59,.314,1.5,20.7 
13,WAS,3274,80,.420,2.2,11.8 
14,NYK,1382,80,.447,2.7,13.6 
15,TOT,988,66,.245,2.4,17.9 
15,NOH,412,14,.132,2.0,14.3 
15,DAL,576,52,.398,2.7,21.9 
16,TOT,1448,70,.347,1.7,17.8 
16,UTA,742,30,.272,1.5,17.5 
16,DET,706,40,.437,1.9,18.1 
17,LAL,2903,82,.223,1.3,13.1 
18,ORL,663,55,.461,1.8,13.4 
19,TOT,19,5,.000,2.8,50.0 
19,LAC,1,1,0.0,0.0,0.0 
19,POR,18,4,.000,3.0,50.0 
20,TOT,204,27,.405,0.5,25.6 
20,NYK,191,24,.395,0.6,25.2 
20,HOU,13,3,.500,0.0,29.1 
Rk,Tm,MP,G,FTr,STL%,TOV% 
21,BOS,1145,81,.570,2.8,18.1 
22,PHO,1087,63,.195,1.4,18.5 
23,SAC,715,43,.384,2.2,20.3 
24,TOT,483,38,.153,2.1,16.9 
24,HOU,314,27,.145,2.4,17.9 
24,ORL,169,11,.164,1.5,15.7 
25,SAS,1742,81,.294,1.2,11.0 
26,TOT,1505,69,.193,2.1,14.4 
26,ATL,275,16,.169,2.7,14.5 
26,HOU,1230,53,.199,2.0,14.3 
27,ORL,1894,81,.266,0.8,17.0 
28,MEM,2516,80,.372,2.0,9.5 
29,NOH,36,4,.182,0.0,25.2 
30,UTA,1790,63,.225,1.3,9.7 
31,IND,93,7,.150,0.6,19.0 
32,NJN,1461,76,.270,2.4,11.7 
33,SAC,3084,80,.327,2.1,12.3 
34,GSW,384,30,.513,1.6,11.2 
35,DET,2866,80,.418,1.6,14.3 
36,WAS,648,44,.220,1.0,16.0 
37,BOS,2130,82,.265,0.8,18.6 
38,LAL,12,2,.000,0.0,0.0 
39,CHA,1791,74,.266,2.0,13.7 
40,TOR,1553,82,.153,1.3,7.5 
Rk,Tm,MP,G,FTr,STL%,TOV% 
41,TOT,451,51,.296,1.7,11.6 
41,DAL,262,34,.203,2.2,8.5 
41,MIL,189,17,.552,1.1,18.2 
42,UTA,1772,51,.387,1.3,14.5 
43,UTA,859,67,.413,0.6,20.4 
44,TOR,3017,81,.539,1.3,13.1 
45,SAS,2627,82,.187,1.1,8.1 
46,HOU,604,66,.189,2.1,5.5 
47,DEN,2162,82,.368,1.9,11.2 
48,TOT,119,18,.333,0.4,15.4 
48,ORL,55,8,.000,0.9,12.5 
48,SAC,48,8,.500,0.0,17.0 
48,PHI,16,2,.400,0.0,14.5 
49,DAL,885,77,.339,1.5,13.4 
50,HOU,24,7,.000,0.0,22.2 
51,LAC,3001,81,.387,1.1,11.1 
52,NYK,185,18,.351,2.3,23.3 
53,CHA,2276,72,.291,0.8,11.1 
54,WAS,152,14,.145,0.3,18.5 
55,SAS,1238,67,.318,1.7,10.2 
56,PHI,55,8,1.667,2.8,32.5 
57,WAS,908,42,.544,1.4,18.6 
58,NOH,2817,82,.321,1.4,10.5 
59,LAL,1066,76,.216,1.6,16.3 
60,LAC,1945,80,.167,2.3,20.8 
Rk,Tm,MP,G,FTr,STL%,TOV% 
61,LAL,2689,66,.502,1.7,14.3 
62,DEN,1522,70,.267,2.5,12.6 
63,NJN,1313,64,.092,1.6,6.4 
64,MEM,219,24,.317,3.2,14.9 
65,LAL,2746,77,.322,2.1,9.9 
66,NYK,5,3,.500,10.6,17.0 
67,MIA,1203,65,.117,0.8,7.9 
68,TOT,475,40,.367,1.1,12.7 
68,PHO,11,3,.143,0.0,0.0 
68,GSW,464,37,.376,1.1,13.1 
69,DEN,2015,66,.288,1.6,13.2 
70,TOT,390,40,.447,1.1,16.5 
70,NJN,50,10,.571,0.0,10.2 
70,DET,340,30,.440,1.3,16.8 
71,MEM,1433,58,.419,3.3,14.0 
72,POR,16,6,2.000,0.0,15.1 
73,CHA,430,25,.461,2.1,10.4 
74,MIN,742,66,.288,2.5,23.7 
75,TOT,2828,77,.299,2.1,8.8 
75,TOR,608,20,.238,2.1,6.2 
75,NJN,2220,57,.313,2.0,9.4 
76,MIN,1522,59,.226,1.3,12.6 
77,ORL,1525,62,.481,1.8,15.1 
78,LAC,433,36,.192,1.6,15.0 
79,CHI,2189,80,.802,1.6,17.2 
80,GSW,951,55,.140,0.9,11.1 
Rk,Tm,MP,G,FTr,STL%,TOV% 
81,ATL,2376,80,.360,1.6,12.5 
82,TOT,1525,52,.235,2.7,22.1 
82,SAC,996,31,.275,2.2,22.9 
82,ORL,529,21,.172,3.5,20.7 
83,TOT,1866,62,.416,3.0,14.1 
83,GSW,1501,46,.425,3.0,13.4 
83,NOH,365,16,.373,3.3,17.4 
84,SEA,65,14,.286,1.7,11.3 
85,DET,50,5,.214,0.0,11.5 
86,ATL,942,70,.189,0.8,13.4 
87,UTA,961,50,.758,0.6,14.0 
88,NJN,2542,80,.463,1.5,14.4 
89,SEA,1396,82,.333,1.3,13.3 
90,LAL,1087,72,.088,1.1,6.2 
91,TOR,74,5,.250,4.2,18.4 
92,NYK,2688,70,.197,1.8,11.0 
93,IND,1827,73,.515,1.4,14.6 
94,CHI,1808,63,.430,0.6,15.8 
95,IND,249,18,.276,1.1,13.3 
96,PHI,1785,72,.310,1.3,17.4 
97,DAL,1609,59,.621,0.5,17.9 
98,SEA,2026,75,.488,1.4,9.3 
99,SAC,72,21,.000,1.4,25.0 
100,DAL,1412,60,.264,3.0,13.3 
Rk,Tm,MP,G,FTr,STL%,TOV% 
101,CHI,1843,72,.363,0.8,16.5 
102,TOT,1581,46,.323,2.7,13.2 
102,NOH,593,18,.317,2.9,9.9 
102,GSW,988,28,.327,2.6,15.3 
103,TOT,1307,61,.423,1.3,13.4 
103,GSW,577,36,.349,1.2,13.7 
103,IND,730,25,.488,1.4,13.2 
104,PHI,328,42,.153,1.2,11.2 
105,BOS,2696,82,.337,1.7,14.6 
106,ORL,49,8,.333,2.1,8.8 
107,DET,459,30,.342,2.6,14.6 
108,ATL,1340,56,.230,1.8,7.7 
109,CHI,1663,61,.251,1.5,14.1 
110,ATL,1201,66,.262,1.6,21.0 
111,TOT,2090,71,.302,2.0,14.5 
111,DAL,16,4,.375,0.0,9.7 
111,NOH,2074,67,.301,2.0,14.5 
112,NJN,61,11,.143,1.8,11.8 
113,CLE,306,39,.072,1.4,14.4 
114,LAL,130,15,.387,1.6,27.8 
115,WAS,1054,63,.217,2.1,12.2 
116,MIA,1175,80,.124,1.0,9.3 
117,MIA,1184,74,.316,1.7,14.2 
118,ATL,1435,71,.221,1.5,11.6 
119,CHI,2177,82,.137,2.0,18.7 
120,SAS,2203,66,.437,1.1,9.3 
Rk,Tm,MP,G,FTr,STL%,TOV% 
121,GSW,2570,79,.190,1.6,11.9 
122,DET,472,47,.370,0.8,13.0 
123,MIN,54,2,.429,1.0,10.7 
124,NOH,110,10,.387,1.5,5.2 
125,IND,139,25,.467,1.2,18.1 
126,UTA,1428,74,.205,1.7,20.1 
127,ATL,732,42,.511,1.6,16.8 
128,DEN,939,67,.366,1.9,13.8 
129,CHA,1649,79,.403,1.0,15.7 
130,MEM,28,8,.833,0.0,10.9 
131,SAC,1233,65,.209,1.5,7.7 
132,SEA,1881,79,.851,1.7,21.6 
133,DAL,2358,64,.150,1.1,5.8 
134,GSW,2222,74,.269,1.8,13.3 
135,MIL,903,54,.353,1.5,15.7 
136,TOT,77,16,.069,1.3,26.9 
136,GSW,73,15,.074,1.4,28.3 
136,DEN,4,1,.000,0.0,0.0 
137,SEA,1047,62,1.142,0.8,21.1 
138,IND,1594,61,.438,1.6,12.5 
139,IND,56,8,.118,2.0,21.9 
140,GSW,1700,78,.232,0.8,14.5 
Rk,Tm,MP,G,FTr,STL%,TOV% 
141,POR,499,43,.179,1.6,8.5 
142,ORL,2978,78,.456,1.9,16.6 
143,NOH,441,23,.063,1.6,11.5 
144,CHI,21,2,.833,0.0,0.0 
145,MIL,1783,81,.441,1.4,13.1 
146,TOT,187,21,.080,1.4,11.9 
146,HOU,108,10,.148,1.5,12.2 
146,MIL,79,11,.000,1.3,11.5 
147,NOH,146,8,.077,1.5,13.0 
148,MIN,3121,82,.404,2.1,12.2 
149,ORL,955,71,.108,1.0,8.6 
150,MEM,1790,56,.528,1.1,13.8 
151,LAL,306,15,.192,1.4,9.6 
152,IND,1021,73,.335,3.2,17.8 
153,MIL,284,14,.250,2.6,9.2 
154,SAS,2193,74,.567,2.9,15.0 
155,UTA,1660,81,.217,1.5,11.5 
156,SAS,68,7,.455,2.4,7.0 
157,TOT,537,33,.228,1.5,9.1 
157,DET,55,9,.533,0.0,5.1 
157,MIL,482,24,.190,1.6,9.6 
158,CLE,2523,82,.329,1.6,11.0 
159,CHI,2002,82,.256,1.4,13.7 
160,LAL,1136,69,.378,1.1,15.0 
Rk,Tm,MP,G,FTr,STL%,TOV% 
161,PHI,1066,57,.296,1.6,13.6 
162,CHI,667,69,.273,3.3,14.3 
163,MIN,1492,70,.149,0.8,9.0 
164,TOT,966,47,.178,2.2,18.0 
164,BOS,218,20,.162,2.1,18.5 
164,ATL,748,27,.181,2.2,17.9 
165,IND,106,9,.289,1.0,12.3 
166,DET,275,47,.838,1.2,13.6 
167,DET,2926,76,.370,1.4,13.9 
168,MIL,159,16,1.500,1.7,18.4 
169,UTA,297,21,.205,1.3,16.6 
170,NYK,894,37,.177,1.7,15.1 
171,UTA,2584,78,.368,1.5,11.8 
172,ATL,2550,66,.356,1.8,15.2 
173,NOH,550,29,.197,2.5,17.5 
174,CHI,1271,70,.417,1.0,14.3 
175,DAL,1173,76,.281,3.4,16.6 
176,CLE,1128,73,.231,1.3,8.1 
177,IND,760,43,.495,1.2,19.1 
178,CHA,1887,74,.349,2.7,13.4 
179,NJN,16,3,2.000,3.4,21.0 
180,MIA,2675,80,.351,1.2,13.2 
Rk,Tm,MP,G,FTr,STL%,TOV% 
181,MIN,2068,82,.240,0.8,10.9 
182,WAS,1560,54,.223,1.6,9.6 
183,WAS,1865,68,.611,1.4,15.1 
184,DAL,1203,78,.345,1.2,16.2 
185,DEN,1317,55,.549,1.9,16.4 
186,ORL,2338,67,.336,2.1,12.1 
187,CHI,2800,77,.193,2.3,12.6 
188,MIN,1272,76,.359,2.1,5.7 
189,SAS,1396,75,.291,2.6,14.0 
190,TOT,891,68,.074,2.6,8.5 
190,CHA,300,13,.096,4.2,8.5 
190,MIL,41,5,.000,2.6,0.0 
190,SAC,550,50,.065,1.7,9.1 
191,NYK,532,20,.210,0.8,8.6 
192,ORL,2670,82,.610,1.5,16.1 
193,DAL,2446,76,.293,2.5,12.0 
194,HOU,1624,61,.213,1.1,11.8 
195,MIN,1729,79,.136,0.8,13.8 
196,WAS,2358,61,.417,3.8,10.6 
197,MEM,317,35,.359,1.7,16.2 
198,UTA,873,67,.352,1.6,13.6 
199,ORL,224,31,.534,0.9,19.6 
200,DET,1144,76,.192,3.3,17.2 
Rk,Tm,MP,G,FTr,STL%,TOV% 
201,PHO,1046,76,.741,0.2,13.1 
202,PHI,2686,82,.385,2.6,17.9 
203,CLE,2615,78,.514,1.1,13.7 
204,DAL,58,15,.286,0.0,24.1 
205,PHI,3174,75,.432,2.9,13.7 
206,ATL,809,62,.338,2.5,20.3 
207,SAC,536,25,.227,1.3,9.1 
208,NYK,230,21,.394,1.6,20.5 
209,TOT,1987,64,.100,0.9,15.9 
209,HOU,990,24,.117,1.3,15.8 
209,PHO,997,40,.084,0.6,16.0 
210,CLE,43,10,.222,0.0,6.3 
211,PHI,1976,81,.477,0.8,12.9 
212,IND,1806,51,.280,2.0,11.8 
213,TOT,1798,84,.471,1.0,12.6 
213,PHO,768,40,.395,0.7,12.8 
213,NOH,1030,44,.518,1.2,12.5 
214,SEA,1330,80,.190,0.9,19.2 
215,CLE,3388,80,.378,2.8,11.8 
216,TOT,1859,74,.193,1.9,11.5 
216,MIL,1167,47,.196,1.8,13.8 
216,HOU,692,27,.189,2.0,7.6 
217,WAS,2605,68,.249,1.1,8.2 
218,LAC,1656,50,.179,2.7,16.6 
219,BOS,1051,71,.366,1.1,13.3 
220,NJN,1355,33,.477,1.3,16.2 
Rk,Tm,MP,G,FTr,STL%,TOV% 
221,WAS,2007,77,.399,1.7,18.3 
222,DET,104,15,.289,2.6,12.1 
223,IND,87,6,.000,0.6,12.0 
224,IND,1747,63,.248,1.9,16.0 
225,DEN,1232,71,.272,1.8,13.5 
226,MIN,410,46,.463,0.9,21.7 
227,PHO,3240,82,.153,1.2,10.5 
228,SAS,15,2,.000,3.6,33.3 
229,MEM,649,52,.337,1.1,11.7 
230,MIA,2576,82,.118,0.9,11.4 
231,MIA,2839,80,.263,1.6,9.8 
232,IND,2268,77,.320,1.5,13.4 
233,IND,1330,75,.195,1.3,11.1 
234,LAL,1830,76,.154,1.3,8.6 
235,ORL,116,10,.323,2.2,7.8 
236,LAC,1632,63,.244,0.9,17.3 
237,CHA,1491,81,.127,1.4,6.1 
238,ORL,356,45,.439,1.1,18.2 
239,POR,523,32,.339,2.0,18.8 
240,NJN,2435,66,.225,2.7,15.1 
Rk,Tm,MP,G,FTr,STL%,TOV% 
241,UTA,1349,41,.617,2.7,14.4 
242,LAC,243,11,.137,1.8,8.3 
243,HOU,3,1,.000,0.0,0.0 
244,CHA,1944,66,.334,3.5,17.9 
245,PHI,2667,82,.126,2.0,11.7 
246,NJN,1965,75,.447,0.9,14.1 
247,MIL,1099,53,.238,1.9,18.5 
248,SEA,12,5,.000,0.0,66.7 
249,MIA,739,49,.321,2.3,12.1 
250,BOS,2196,80,.215,1.0,8.5 
251,TOT,380,37,.167,0.7,10.7 
251,PHO,119,16,.245,0.4,15.6 
251,NOH,261,21,.120,0.8,7.4 
252,DEN,54,3,.308,1.0,6.3 
253,SEA,2697,71,.246,1.5,8.8 
254,UTA,227,17,.327,2.9,19.1 
255,LAC,814,30,.274,2.1,23.7 
256,UTA,518,31,.244,2.3,23.9 
257,TOT,2007,70,.252,0.9,12.6 
257,HOU,479,21,.148,0.9,15.6 
257,ATL,1528,49,.276,0.9,12.0 
258,NOH,933,44,.122,1.9,22.3 
259,MIN,601,41,.606,0.6,22.3 
260,LAC,2436,66,.666,1.5,13.3 
Rk,Tm,MP,G,FTr,STL%,TOV% 
261,NOH,703,23,.542,0.6,17.3 
262,NYK,3281,82,.420,2.0,13.1 
263,PHO,3146,81,.213,2.6,8.1 
264,SAS,244,23,.350,0.7,13.2 
265,TOR,1645,65,.154,1.8,6.2 
266,LAC,190,11,.160,1.7,10.1 
267,DEN,2272,70,.340,2.3,12.5 
268,SAC,455,45,.470,1.8,14.5 
269,MIL,2893,80,.486,1.1,11.1 
270,SAS,699,61,.346,1.4,16.0 
271,TOT,906,72,.123,1.4,12.7 
271,BOS,553,44,.100,1.4,9.8 
271,PHO,353,28,.165,1.4,17.2 
272,ATL,88,10,.385,1.8,28.3 
273,DET,1797,77,.321,1.4,12.0 
274,HOU,3182,78,.336,2.3,9.5 
275,CLE,2651,76,.175,1.1,10.6 
276,PHI,1118,68,.113,2.2,17.2 
277,UTA,1382,53,.358,2.5,17.3 
278,LAL,423,43,.179,1.1,7.2 
279,NJN,390,18,.063,2.2,7.9 
280,LAL,1870,75,.467,0.4,14.2 
Rk,Tm,MP,G,FTr,STL%,TOV% 
281,POR,1699,63,.308,2.4,16.6 
282,DET,254,37,.316,0.4,15.6 
283,DEN,2852,82,.337,2.2,17.6 
284,ATL,9,2,.000,5.8,25.0 
285,SAC,2089,56,.471,1.7,10.0 
286,MEM,2278,76,.196,1.3,13.2 
287,IND,2105,66,.373,1.3,8.4 
288,HOU,2447,80,.510,0.8,14.1 
289,TOT,2388,66,.220,1.6,11.5 
289,ORL,726,23,.233,1.6,11.2 
289,SAC,1662,43,.214,1.6,11.7 
290,TOT,1933,77,.377,1.6,13.3 
290,NYK,1519,54,.372,1.8,13.1 
290,SAS,414,23,.394,0.7,13.9 
291,TOT,120,20,.722,1.3,22.8 
291,TOR,69,8,1.000,1.5,31.6 
291,NJN,24,8,1.000,0.0,14.8 
291,CLE,27,4,.000,2.0,0.0 
292,LAC,1178,74,.474,0.9,15.4 
293,TOT,702,37,.665,0.6,17.2 
293,NJN,457,18,.573,0.6,19.3 
293,MIA,245,19,.887,0.6,12.2 
294,GSW,2375,70,.337,1.1,9.0 
295,TOR,918,62,.258,1.8,13.5 
296,SEA,883,49,.220,1.9,12.5 
297,HOU,1212,80,.659,0.7,15.4 
298,LAC,72,11,.350,0.7,0.0 
299,TOT,1341,71,.285,1.2,13.6 
299,HOU,204,16,.279,0.3,9.4 
299,NOH,1137,55,.285,1.3,14.1 
300,NOH,2017,68,.190,1.0,10.5 
Rk,Tm,MP,G,FTr,STL%,TOV% 
301,TOT,1185,68,.283,1.8,14.4 
301,GSW,610,42,.262,1.5,14.3 
301,DEN,575,26,.307,2.1,14.6 
302,PHO,2573,75,.278,1.4,20.3 
303,ORL,1612,79,.170,2.5,14.8 
304,SAS,1785,70,.070,0.9,14.1 
305,CLE,1832,74,.163,1.5,11.8 
306,CHI,1892,81,.369,1.0,16.2 
307,TOT,360,38,.220,2.7,18.4 
307,NYK,321,32,.237,2.8,19.6 
307,HOU,39,6,.125,1.4,10.6 
308,DAL,3020,78,.490,1.7,9.1 
309,IND,1530,44,.458,0.9,11.3 
310,MIA,2492,73,.699,0.8,12.4 
311,LAL,2320,64,.385,1.0,15.1 
312,CHA,2600,73,.342,1.2,9.8 
313,UTA,2304,82,.512,0.8,13.2 
314,PHI,158,26,.290,1.6,14.6 
315,MIN,1215,62,.195,0.7,15.1 
316,SAC,556,56,.452,0.6,19.2 
317,PHO,214,39,.265,1.4,17.4 
318,POR,793,59,.281,2.0,11.5 
319,MIL,1397,74,.523,1.7,13.9 
320,HOU,942,66,.172,1.9,10.7 
Rk,Tm,MP,G,FTr,STL%,TOV% 
321,TOR,1533,80,.395,1.6,18.4 
322,CHI,453,32,.108,1.8,16.8 
323,TOT,144,16,.302,1.8,28.1 
323,DET,110,11,.464,1.5,22.9 
323,PHO,34,5,.000,2.9,37.5 
324,SAS,2735,80,.289,1.9,14.6 
325,POR,1957,70,.469,2.9,16.5 
326,CLE,862,65,.232,1.8,13.4 
327,BOS,2541,77,.277,1.8,15.4 
328,WAS,529,40,.120,1.8,15.1 
329,LAC,12,4,.000,0.0,40.0 
330,BOS,548,60,.487,0.8,22.9 
331,TOT,667,41,.058,1.5,6.8 
331,MIA,206,16,.070,1.5,10.6 
331,DEN,461,25,.053,1.4,5.5 
332,TOR,2510,82,.267,1.9,8.9 
333,CHI,841,68,.217,1.8,11.6 
334,BOS,2960,82,.546,2.3,13.2 
335,GSW,1340,67,.403,1.8,13.5 
336,NJN,515,43,.379,2.6,16.8 
337,DAL,10,5,0.0,0.0,69.4 
338,IND,865,49,.293,1.9,14.1 
339,DEN,27,9,.000,1.9,14.3 
340,MEM,1382,50,.312,1.9,14.6 
Rk,Tm,MP,G,FTr,STL%,TOV% 
341,SEA,335,33,.356,1.1,10.7 
342,DET,3039,82,.285,1.0,11.1 
343,WAS,428,42,.195,1.9,16.3 
344,POR,1858,76,.523,0.7,19.3 
345,SEA,1856,63,.158,1.7,10.3 
346,UTA,128,12,.526,0.0,39.1 
347,WAS,20,6,.200,0.0,21.6 
348,POR,1603,46,.343,1.1,11.6 
349,POR,1731,63,.416,0.7,15.6 
350,LAC,928,58,.363,0.8,15.3 
351,MIL,2848,75,.305,1.2,7.6 
352,BOS,121,23,.517,1.3,12.3 
353,CHI,132,19,.133,1.2,22.1 
354,GSW,2724,72,.226,2.0,10.1 
355,PHO,2839,79,.176,1.7,8.3 
356,SEA,2571,82,.244,2.0,15.4 
357,CHA,328,31,.321,1.7,17.8 
358,TOT,1689,71,.185,1.9,10.4 
358,GSW,1090,42,.164,2.1,9.7 
358,NJN,599,29,.231,1.6,11.8 
359,SAS,157,9,.299,1.4,7.4 
360,TOT,1367,58,.156,1.6,15.2 
360,NOH,882,30,.145,1.2,17.7 
360,PHI,485,28,.174,2.3,10.3 
Rk,Tm,MP,G,FTr,STL%,TOV% 
361,TOR,2710,81,.336,1.2,11.9 
362,TOT,1475,76,.422,1.7,16.3 
362,SAS,862,50,.371,1.9,15.3 
362,NYK,613,26,.500,1.3,17.8 
363,LAC,1659,78,.295,1.7,11.4 
364,WAS,1262,79,.677,1.8,25.5 
365,TOT,968,48,.118,1.1,9.9 
365,LAL,91,14,.100,1.2,12.6 
365,CHA,877,34,.119,1.1,9.8 
366,DEN,1026,70,.306,2.2,10.9 
367,PHI,993,58,.229,2.0,18.1 
368,CHA,329,23,.629,0.6,17.7 
369,MIL,105,11,.524,1.5,13.4 
370,NJN,1167,54,.208,1.6,15.4 
371,GSW,128,16,.571,0.8,13.2 
372,POR,104,19,.478,0.5,30.1 
373,PHO,30,9,.364,0.0,7.3 
374,LAC,2799,75,.268,2.0,10.6 
375,TOT,941,49,.341,1.7,14.5 
375,PHI,246,24,.298,1.0,16.8 
375,SAC,695,25,.358,1.9,13.6 
376,CHA,78,8,.051,3.3,16.7 
377,ATL,433,38,.425,2.8,15.7 
378,NOH,1859,76,.215,1.6,11.7 
379,NJN,648,45,.372,2.1,18.5 
380,MIL,2265,74,.367,1.0,9.9 
Rk,Tm,MP,G,FTr,STL%,TOV% 
381,ATL,2050,74,.394,1.5,16.0 
382,TOT,750,50,.323,1.0,8.7 
382,CHA,636,37,.353,1.0,8.7 
382,MIA,114,13,.100,0.9,8.7 
383,CHA,510,33,.118,0.6,15.9 
384,CLE,1844,81,.245,1.9,19.7 
385,UTA,906,68,.293,1.6,13.5 
386,SAC,1668,81,.227,1.6,11.5 
387,TOR,255,27,.466,2.4,12.5 
388,MIN,2450,80,.196,1.2,10.8 
389,DAL,1617,56,.450,1.7,11.8 
390,ORL,1089,55,.237,0.7,10.8 
391,ATL,145,12,.333,2.2,19.9 
392,SAC,2534,66,.271,1.6,8.2 
393,NJN,32,9,.200,0.0,0.0 
394,POR,2762,81,.171,1.7,11.6 
395,PHO,2889,80,.595,1.3,10.1 
396,MIL,1014,62,.211,1.6,16.2 
397,HOU,196,16,.233,0.8,25.2 
398,NYK,73,21,.054,1.5,13.7 
399,HOU,1922,61,.373,1.8,20.0 
400,NYK,1509,77,.527,0.9,16.4 
Rk,Tm,MP,G,FTr,STL%,TOV% 
401,SEA,72,16,.818,0.8,21.1 
402,MEM,1279,60,.449,1.7,13.3 
403,MIN,2558,81,.331,0.8,11.1 
404,PHO,17,4,.667,0.0,11.4 
405,TOT,1336,65,.231,1.1,16.1 
405,HOU,905,38,.205,1.0,16.5 
405,NYK,431,27,.279,1.4,15.2 
406,POR,1330,68,.309,1.4,20.4 
407,DAL,2401,80,.233,2.4,15.2 
408,NJN,356,25,.096,2.1,8.4 
409,WAS,976,47,.565,0.9,13.6 
410,TOT,117,11,.300,1.8,23.6 
410,POR,112,9,.333,1.9,25.3 
410,ATL,5,2,.000,0.0,0.0 
411,MIN,521,44,.535,1.6,14.5 
412,TOT,2167,73,.291,1.6,12.9 
412,PHI,1344,47,.250,1.5,13.6 
412,SAC,823,26,.354,1.7,12.0 
413,NYK,2855,80,.093,1.3,9.5 
414,NYK,1940,71,.241,1.1,12.5 
415,IND,1301,40,.314,3.4,18.4 
416,CLE,1327,74,.256,2.2,14.1 
417,MEM,278,31,.281,0.6,14.3 
418,TOT,220,35,.095,1.9,19.8 
418,DEN,158,23,.137,2.6,20.6 
418,GSW,62,12,.000,0.0,17.9 
419,ORL,1757,67,.288,1.2,11.9 
420,SAS,1149,80,.228,1.9,15.2 
Rk,Tm,MP,G,FTr,STL%,TOV% 
421,POR,1619,53,.132,1.5,13.4 
422,TOT,1502,62,.278,1.3,11.3 
422,MIL,818,33,.228,1.4,13.0 
422,DAL,684,29,.330,1.1,9.6 
423,CLE,863,54,.658,2.5,9.5 
424,NJN,1410,71,.280,1.6,14.5 
425,PHO,360,38,.644,0.6,20.9 
426,TOT,705,46,.377,1.9,21.6 
426,PHO,57,10,.438,2.6,26.8 
426,NOH,648,36,.372,1.9,21.1 
427,LAL,403,35,.162,1.6,10.7 
428,MIA,2974,77,.578,2.2,16.3 
429,CLE,102,11,.073,2.6,13.7 
430,TOT,2955,77,.271,1.6,14.1 
430,ATL,2128,53,.290,1.6,13.8 
430,BOS,827,24,.217,1.6,14.9 
431,WAS,134,14,.097,1.2,19.8 
432,DET,2671,74,.467,2.2,9.5 
433,CHA,2147,70,.454,2.8,17.2 
434,DET,2687,79,.184,1.3,10.0 
435,LAL,768,61,.267,1.8,22.4 
436,HOU,360,14,.169,2.3,17.9 
437,MEM,1808,80,.249,2.5,21.4 
438,HOU,525,40,.307,0.9,10.4 
439,TOT,2370,67,.178,2.0,11.6 
439,SAC,1668,46,.195,2.1,11.8 
439,PHI,702,21,.134,1.9,11.2 
440,MEM,1489,69,.305,3.1,11.4 
Rk,Tm,MP,G,FTr,STL%,TOV% 
441,TOT,1317,71,.456,1.7,14.1 
441,BOS,1125,55,.441,1.8,13.2 
441,CLE,192,16,.549,1.4,19.2 
442,TOT,2774,80,.225,1.9,10.9 
442,NOH,934,26,.222,2.1,12.6 
442,HOU,1840,54,.227,1.8,9.7 
443,NOH,552,30,.291,1.2,16.0 
444,BOS,507,39,.174,2.1,12.6 
445,CHA,135,17,1.290,0.8,18.5 
446,TOT,677,58,.152,2.4,10.7 
446,DEN,531,42,.150,2.9,10.0 
446,GSW,146,16,.161,0.7,13.1 
447,LAC,1005,54,.438,1.4,16.4 
448,SEA,520,29,.202,2.3,8.0 
449,SAS,278,48,.208,2.7,14.3 
450,TOT,315,42,.270,0.8,19.4 
450,NJN,150,19,.370,1.4,25.9 
450,TOR,165,23,.194,0.3,13.3 
451,TOT,1322,55,.488,1.5,13.0 
451,NJN,739,21,.584,1.2,12.8 
451,TOR,583,34,.366,2.0,13.4 
452,CHI,71,9,.000,1.5,13.0 
453,MEM,1952,71,.157,2.1,15.9 
454,NYK,1211,79,.708,2.4,16.9 
455,MIL,2254,80,.217,1.7,19.5 
456,CLE,152,19,.268,1.4,9.8 
457,TOT,1527,72,.418,1.3,11.1 
457,PHI,1056,48,.396,1.2,10.9 
457,SAC,471,24,.473,1.3,11.4 
458,ATL,344,29,.256,1.2,13.0 
459,TOR,712,45,.360,0.6,16.3 
460,MIA,40,3,.000,5.3,14.3 
Rk,Tm,MP,G,FTr,STL%,TOV% 
461,IND,291,7,.429,2.3,10.7 
462,MIA,27,3,.091,7.8,20.8 
463,MEM,2287,80,.290,1.4,11.5 
