Rk,Tm,MP,G,FTr,STL%,TOV% 
1,TOT,199,25,.132,1.3,8.0 
1,DET,20,7,.182,5.5,0.0 
1,LAC,179,18,.123,0.9,9.3 
2,TOR,52,12,.462,1.0,20.4 
3,DET,1234,74,.237,1.3,11.5 
4,NJN,97,20,.186,0.6,7.9 
5,SAS,19,3,.333,2.9,12.7 
6,CHA,182,31,.406,2.1,12.9 
7,POR,3004,81,.269,1.4,8.0 
8,MIL,716,59,.339,1.1,15.6 
9,MIL,579,49,.124,0.6,10.0 
10,BOS,2876,79,.239,1.3,10.4 
11,BOS,887,46,.384,3.2,18.8 
12,UTA,255,25,.321,0.8,14.8 
13,TOT,2447,77,.254,2.3,13.3 
13,HOU,1591,48,.209,1.9,13.4 
13,ORL,856,29,.332,3.1,13.2 
14,PHO,1044,76,.480,1.5,15.6 
15,DEN,1460,71,.620,1.4,15.7 
16,NJN,1312,66,.285,1.8,12.1 
17,DEN,2277,66,.388,1.7,12.3 
18,MIA,1048,65,.390,1.0,22.9 
19,WAS,63,2,.696,0.0,3.2 
20,LAL,1999,82,.284,3.5,11.5 
Rk,Tm,MP,G,FTr,STL%,TOV% 
21,NOH,1092,70,.398,1.3,21.7 
22,MEM,1464,76,.138,1.9,9.2 
23,TOT,412,33,.142,1.2,16.1 
23,DEN,115,14,.148,0.9,25.8 
23,OKC,297,19,.140,1.4,12.5 
24,CHA,1908,72,.375,1.2,14.1 
25,GSW,2375,74,.271,1.2,9.1 
26,DEN,780,53,.330,3.1,13.4 
27,TOT,206,22,.316,2.8,17.7 
27,MIA,166,16,.385,3.2,19.4 
27,TOR,40,6,.167,1.3,13.4 
28,PHO,1705,70,.256,2.4,9.9 
29,DAL,1600,79,.167,1.2,14.9 
30,TOR,2453,78,.278,0.7,11.2 
31,PHO,2082,77,.202,1.2,15.0 
32,HOU,857,56,.116,1.5,21.0 
33,DAL,1574,81,.413,0.9,12.5 
34,IND,217,27,.587,1.4,17.2 
35,ORL,1202,77,.254,1.1,11.4 
36,HOU,2031,60,.189,1.3,11.3 
37,POR,1454,79,.144,1.9,11.5 
38,POR,655,53,.545,1.4,19.3 
39,MIA,2009,81,.252,1.1,10.2 
40,GSW,882,42,.164,2.0,14.8 
Rk,Tm,MP,G,FTr,STL%,TOV% 
41,MIL,1783,70,.153,1.5,12.0 
42,TOT,2315,67,.149,1.1,10.6 
42,PHO,712,22,.119,0.9,8.8 
42,CHA,1603,45,.160,1.3,11.1 
43,ATL,2740,79,.170,1.9,10.6 
44,GSW,1863,62,.405,1.7,14.9 
45,TOT,2789,79,.467,1.7,13.0 
45,DET,70,2,.476,2.4,13.6 
45,DEN,2719,77,.467,1.7,13.0 
46,POR,2188,69,.116,1.7,13.7 
47,WAS,1703,71,.257,1.6,14.3 
48,MIA,207,20,.167,0.3,14.3 
49,TOT,1272,65,.176,1.8,10.5 
49,ORL,787,36,.137,1.5,9.3 
49,MIL,485,29,.221,2.1,11.9 
50,MIL,1124,36,.309,1.1,19.3 
51,SAS,1928,81,.043,1.3,6.3 
52,NJN,995,62,.397,1.2,11.0 
53,TOT,56,8,.800,0.9,6.9 
53,MIN,1,1,0.0,0.0,0.0 
53,SAC,55,7,.800,0.9,6.9 
54,UTA,1197,37,.271,1.7,12.1 
55,TOR,2928,77,.489,1.2,10.2 
56,SAS,1506,80,.139,1.3,11.2 
57,NOH,219,21,.132,3.5,11.1 
58,PHI,920,29,.296,1.0,14.2 
59,MIN,307,15,.211,2.6,11.7 
60,UTA,2605,81,.425,2.7,10.1 
Rk,Tm,MP,G,FTr,STL%,TOV% 
61,HOU,1998,80,.220,1.2,12.7 
62,CHA,41,4,.286,1.3,38.8 
63,TOT,931,68,.119,1.2,14.3 
63,SAC,675,47,.138,1.1,15.2 
63,MIN,256,21,.080,1.2,12.0 
64,TOT,261,19,.102,2.0,24.9 
64,WAS,233,17,.068,2.3,23.6 
64,PHO,28,2,.400,0.0,33.8 
65,NOH,869,63,.319,2.0,13.1 
66,DET,999,58,.722,1.3,18.3 
67,TOT,477,48,.236,2.5,17.3 
67,CHA,341,30,.244,2.9,17.6 
67,LAL,136,18,.214,1.5,16.4 
68,LAL,2960,82,.329,2.1,9.7 
69,MEM,878,63,.157,1.8,18.3 
70,WAS,2585,67,.371,2.2,14.3 
71,NOH,2614,82,.137,1.1,6.5 
72,LAL,1446,50,.428,0.6,12.5 
73,DET,803,57,.348,2.3,16.2 
74,TOR,2333,68,.239,1.7,16.7 
75,LAC,1925,62,.367,1.4,13.9 
76,MIN,909,64,.207,2.1,20.7 
77,MIN,1199,67,.156,2.0,8.7 
78,TOT,616,55,.146,1.8,15.3 
78,CHA,475,34,.138,2.1,15.1 
78,DAL,141,21,.182,1.1,16.4 
79,DEN,1787,78,.202,2.7,26.9 
80,NJN,2946,80,.305,1.5,9.8 
Rk,Tm,MP,G,FTr,STL%,TOV% 
81,MIA,2626,82,.292,3.3,18.1 
82,NOH,1445,45,.470,0.6,17.0 
83,NYK,2735,82,.204,1.3,10.8 
84,ATL,15,2,.286,0.0,0.0 
85,UTA,201,26,.314,0.5,18.4 
86,MIN,422,31,.400,1.1,12.7 
87,TOT,890,48,.186,1.8,17.8 
87,NYK,75,9,.391,1.3,15.6 
87,LAC,815,39,.165,1.9,18.1 
88,OKC,1831,71,.318,1.4,13.0 
89,MEM,2508,82,.270,1.9,14.9 
90,TOT,171,30,.079,0.9,14.2 
90,ORL,146,21,.100,1.1,14.9 
90,HOU,25,9,.000,0.0,11.1 
91,MIA,1833,75,.087,1.1,5.9 
92,TOT,2479,65,.337,1.1,11.2 
92,NYK,392,11,.272,1.1,12.1 
92,GSW,2087,54,.349,1.1,11.0 
93,NYK,23,2,.200,2.2,0.0 
94,TOT,1174,63,.323,1.8,20.1 
94,MEM,44,7,.733,1.2,13.1 
94,WAS,1130,56,.300,1.8,20.5 
95,TOT,100,14,.308,0.5,11.9 
95,MIL,77,11,.367,0.7,10.3 
95,SAS,23,3,.111,0.0,17.5 
96,NYK,12,3,1.500,0.0,37.6 
97,PHI,2036,82,.286,0.9,19.3 
98,DAL,1836,80,.504,0.7,17.8 
99,TOT,1021,74,.424,1.4,18.1 
99,WAS,288,13,.733,1.3,17.9 
99,NOH,733,61,.351,1.4,18.2 
100,IND,1700,54,.187,1.8,11.2 
Rk,Tm,MP,G,FTr,STL%,TOV% 
101,GSW,111,14,.486,0.9,10.5 
102,LAC,2248,65,.219,2.5,15.5 
103,BOS,1637,76,.396,1.7,11.8 
104,LAC,320,27,.347,1.6,10.3 
105,LAC,785,36,.147,1.3,13.0 
106,CHI,1665,49,.323,1.9,9.6 
107,TOT,2754,81,.166,1.2,18.5 
107,PHO,538,22,.184,1.0,19.5 
107,CHA,2216,59,.163,1.2,18.3 
108,MIA,851,63,.088,0.8,6.6 
109,IND,719,55,.084,1.8,10.2 
110,TOT,215,29,.716,0.7,11.0 
110,POR,73,19,1.053,0.8,17.8 
110,SAC,142,10,.600,0.7,7.9 
111,TOT,1036,75,.386,1.5,16.3 
111,DAL,452,34,.500,1.4,13.5 
111,CHA,584,41,.327,1.6,17.8 
112,WAS,816,50,.152,2.3,20.4 
113,NJN,2074,77,.258,1.8,13.6 
114,HOU,6,3,.000,0.0,0.0 
115,TOT,300,27,.173,0.9,9.9 
115,SAC,227,20,.170,0.4,6.0 
115,TOR,73,7,.182,2.1,22.8 
116,NJN,585,44,.352,1.1,13.2 
117,PHO,728,55,.290,2.0,22.4 
118,TOT,1155,68,.368,2.5,11.5 
118,CHA,427,20,.250,2.3,8.6 
118,PHO,728,48,.429,2.7,12.8 
119,NYK,2906,79,.307,1.2,22.2 
120,SAS,2524,75,.436,0.8,11.1 
Rk,Tm,MP,G,FTr,STL%,TOV% 
121,IND,495,18,.280,1.2,12.7 
122,OKC,2885,74,.377,1.7,12.2 
123,GSW,892,25,.219,2.1,12.4 
124,MIL,977,59,.231,1.9,20.5 
125,NOH,373,31,.379,0.3,17.2 
126,ATL,1840,80,.151,1.5,7.7 
127,PHI,1137,79,.983,1.9,21.3 
128,LAL,1192,65,.187,2.4,16.3 
129,SAS,54,3,.143,0.0,21.2 
130,CHA,3086,82,.251,2.2,15.9 
131,POR,1993,78,.227,1.9,11.0 
132,UTA,156,21,.583,2.3,16.6 
133,SAS,2336,81,.090,0.9,7.8 
134,LAL,2441,82,.189,2.0,8.8 
135,IND,2258,74,.308,2.0,14.8 
136,IND,1828,74,.414,1.4,17.4 
137,MIN,2494,70,.277,1.5,12.0 
138,TOT,62,10,.545,0.0,18.0 
138,ORL,59,9,.545,0.0,18.0 
138,MEM,3,1,0.0,0.0,0.0 
139,POR,746,63,.135,1.3,9.3 
140,MIL,941,67,.279,1.8,13.0 
Rk,Tm,MP,G,FTr,STL%,TOV% 
141,NYK,412,28,.216,1.7,9.9 
142,SAC,1975,65,.268,2.1,13.1 
143,ATL,98,16,.111,2.2,7.4 
144,BOS,1772,57,.178,1.9,10.1 
145,MEM,2521,82,.567,1.3,16.6 
146,LAL,2999,81,.420,0.9,11.3 
147,MEM,2945,79,.273,1.8,12.6 
148,DAL,708,43,.155,1.7,10.1 
149,CLE,1795,75,.163,1.3,9.7 
150,BOS,8,6,.000,6.6,25.0 
151,MIL,43,6,.000,3.6,35.7 
152,SAS,1181,44,.387,2.9,13.3 
153,MIN,2614,82,.186,1.3,10.8 
154,TOT,1264,51,.308,1.2,11.7 
154,CHI,918,31,.276,1.5,12.6 
154,SAC,26,1,.222,0.0,23.3 
154,SAS,320,19,.393,0.7,8.6 
155,CHI,2999,82,.290,1.2,11.9 
156,LAC,2677,78,.388,1.5,13.5 
157,ORL,794,63,.241,1.2,10.8 
158,TOR,1541,78,.333,1.2,11.9 
159,IND,684,52,.242,0.7,13.7 
160,IND,2424,67,.360,1.4,10.0 
Rk,Tm,MP,G,FTr,STL%,TOV% 
161,CHI,715,56,.353,1.0,17.2 
162,DAL,376,38,.178,1.4,14.5 
163,OKC,2873,78,.287,1.4,12.6 
164,PHI,1828,81,.129,1.5,8.4 
165,SAC,725,55,.144,1.1,12.8 
166,MEM,120,19,.968,0.4,16.9 
167,SAS,155,15,.143,2.1,18.7 
168,DET,2279,67,.252,1.0,10.3 
169,UTA,693,63,.299,2.2,9.6 
170,TOT,2546,73,.243,1.7,10.7 
170,GSW,166,5,.143,2.1,8.6 
170,NYK,2380,68,.250,1.7,10.8 
171,NJN,2494,69,.582,2.4,14.0 
172,TOT,348,39,.245,1.8,17.4 
172,LAC,312,28,.226,2.0,17.1 
172,DEN,36,11,.400,0.0,20.3 
173,MIA,2560,75,.264,0.9,10.3 
174,NJN,1094,53,.131,1.0,12.9 
175,SAC,2259,77,.170,1.0,15.7 
176,HOU,858,71,.168,2.1,17.1 
177,NJN,1832,74,.090,1.5,7.6 
178,WAS,175,6,.420,1.2,13.2 
179,TOT,498,32,.167,1.8,13.9 
179,HOU,322,22,.158,1.0,12.9 
179,MIA,176,10,.186,3.3,16.2 
180,DET,630,59,.121,0.6,7.2 
Rk,Tm,MP,G,FTr,STL%,TOV% 
181,IND,1009,70,.350,1.0,10.2 
182,CLE,705,62,.345,1.1,16.8 
183,DEN,2510,77,.519,1.9,14.4 
184,SAS,1270,77,.392,1.9,14.5 
185,PHO,2445,82,.301,1.8,13.0 
186,OKC,2,1,.000,0.0,0.0 
187,CHI,1339,51,.205,2.5,16.0 
188,TOT,444,45,.766,0.8,16.0 
188,CHA,184,18,1.114,0.9,16.1 
188,DAL,260,27,.559,0.8,16.0 
189,ATL,2242,67,.345,1.3,13.1 
190,BOS,1479,81,.095,2.2,8.6 
191,ORL,2821,79,.867,1.4,15.1 
192,DAL,1663,52,.281,1.7,9.2 
193,TOT,472,42,.231,0.8,13.8 
193,DEN,22,3,.000,2.3,0.0 
193,CHA,450,39,.234,0.7,14.0 
194,TOT,1479,55,.260,2.5,10.3 
194,CHI,792,30,.266,2.3,9.5 
194,NYK,687,25,.253,2.6,11.2 
195,TOR,265,29,.533,1.6,6.7 
196,CHI,266,28,.061,3.9,18.4 
197,ATL,92,16,.250,1.2,8.3 
198,PHI,3269,82,.454,2.1,13.9 
199,CLE,1765,65,.240,0.9,10.1 
200,LAL,181,23,.140,2.8,17.7 
Rk,Tm,MP,G,FTr,STL%,TOV% 
201,TOT,2093,57,.416,2.3,12.9 
201,DEN,123,3,.625,1.2,16.4 
201,DET,1970,54,.406,2.4,12.7 
202,PHI,861,71,.207,2.2,9.2 
203,IND,2716,82,.308,1.6,16.0 
204,SAC,1484,71,.208,2.1,11.1 
205,CLE,430,51,.407,1.3,12.1 
206,GSW,2339,59,.357,1.8,16.6 
207,NYK,10,2,.000,5.0,11.1 
208,CLE,3054,81,.472,2.4,11.0 
209,TOT,1649,61,.160,1.4,14.6 
209,NOH,74,8,.080,1.5,10.4 
209,WAS,1575,53,.164,1.4,14.8 
210,WAS,3096,81,.314,1.6,7.1 
211,MEM,605,53,.283,2.6,23.1 
212,TOR,19,6,.000,0.0,33.3 
213,MIN,1836,50,.258,1.1,7.8 
214,CHA,84,6,.409,2.6,18.8 
215,MIL,2939,82,.424,1.2,10.2 
216,NYK,1310,56,.330,1.8,17.2 
217,NJN,1421,61,.246,1.1,11.2 
218,DET,911,62,.215,1.2,15.6 
219,ORL,1481,80,.213,1.6,16.4 
220,ATL,3124,79,.255,1.4,11.0 
Rk,Tm,MP,G,FTr,STL%,TOV% 
221,TOT,55,10,.000,0.9,15.4 
221,CHA,13,2,0.0,0.0,0.0 
221,CHI,42,8,.000,1.2,15.4 
222,CLE,14,4,.800,0.0,12.9 
223,DEN,1426,79,.449,1.7,14.5 
224,MIL,108,18,.000,1.4,15.0 
225,CHA,52,6,.857,0.0,29.3 
226,LAC,1495,52,.256,1.8,15.8 
227,MIA,630,40,.208,1.0,6.9 
228,ATL,675,63,.667,0.6,15.8 
229,LAC,771,53,.741,0.7,17.4 
230,LAC,921,31,.246,1.0,19.9 
231,TOR,1831,80,.070,0.6,10.1 
232,DAL,2886,81,.170,2.9,21.8 
233,CLE,277,50,.551,2.3,20.4 
234,UTA,1831,67,.546,2.3,14.6 
235,DEN,1824,82,.316,0.9,10.0 
236,UTA,938,74,.339,3.7,23.3 
237,UTA,1874,78,.227,1.3,12.8 
238,UTA,565,48,.276,1.1,11.1 
239,OKC,1141,46,.194,0.9,9.2 
240,GSW,442,40,.382,1.5,9.5 
Rk,Tm,MP,G,FTr,STL%,TOV% 
241,HOU,1467,69,.462,0.9,11.9 
242,ATL,560,55,.432,1.1,14.9 
243,ORL,1939,77,.174,2.0,10.6 
244,NYK,2824,81,.347,1.4,12.0 
245,ORL,2859,79,.247,1.5,11.6 
246,TOT,231,12,.167,1.6,12.3 
246,MIA,41,4,.500,2.6,23.5 
246,OKC,190,8,.115,1.3,9.9 
247,NJN,2501,82,.257,0.9,13.5 
248,PHO,614,60,.496,0.9,14.4 
249,MIN,2048,81,.488,0.9,12.4 
250,TOT,1679,77,.521,2.2,18.0 
250,MEM,1071,49,.592,2.4,18.7 
250,HOU,608,28,.401,1.8,16.6 
251,TOT,521,44,.117,0.8,11.9 
251,MIL,392,30,.134,0.8,14.3 
251,ORL,129,14,.070,0.8,4.3 
252,MIN,116,19,.286,0.5,16.0 
253,GSW,1588,51,.655,1.4,12.8 
254,MIA,709,55,.458,0.8,16.9 
255,BOS,414,23,.117,1.3,24.1 
256,TOT,2470,69,.187,1.9,11.0 
256,MIA,1516,42,.191,2.0,10.4 
256,TOR,954,27,.181,1.7,11.7 
257,NOH,838,60,.267,0.5,16.0 
258,PHI,189,25,.082,1.1,7.3 
259,CHA,266,33,.325,1.6,9.3 
260,DEN,2111,66,.304,2.3,12.4 
Rk,Tm,MP,G,FTr,STL%,TOV% 
261,SAC,1947,51,.650,1.6,12.3 
262,OKC,1064,39,.298,0.7,14.8 
263,SAS,2496,82,.144,0.9,10.3 
264,DET,1408,78,.494,1.0,10.4 
265,CHA,301,24,.204,0.9,19.6 
266,MEM,3120,82,.219,1.6,13.8 
267,MIL,2114,82,.391,2.1,14.8 
268,TOT,1101,58,.289,2.2,10.4 
268,MIN,636,34,.277,2.2,12.1 
268,SAC,465,24,.306,2.2,7.9 
269,DET,1866,62,.164,1.2,8.3 
270,WAS,1143,75,.419,1.5,11.7 
271,HOU,1181,35,.322,1.9,11.1 
272,WAS,2072,79,.315,1.6,20.0 
273,IND,279,33,.157,2.1,11.9 
274,TOT,283,22,.466,1.7,13.3 
274,SAS,20,3,1.000,2.7,16.6 
274,TOR,263,19,.427,1.6,13.0 
275,LAL,105,18,.175,0.5,18.8 
276,UTA,1623,72,.158,1.5,9.6 
277,MEM,298,34,.313,2.0,15.7 
278,MEM,1034,61,.395,1.1,13.3 
279,PHI,2976,82,.393,2.0,14.0 
280,TOT,2100,70,.443,1.3,15.1 
280,SAC,1354,43,.402,1.1,15.4 
280,CHI,746,27,.513,1.5,14.5 
Rk,Tm,MP,G,FTr,STL%,TOV% 
281,MIN,2356,73,.272,0.7,19.1 
282,UTA,2290,76,.435,1.8,12.6 
283,HOU,2589,77,.426,0.6,16.0 
284,LAC,365,11,.123,2.1,10.5 
285,CHA,341,39,.396,0.8,16.2 
286,TOT,2068,80,.169,2.2,7.8 
286,TOR,1379,54,.205,2.5,8.2 
286,MIA,689,26,.096,1.6,6.8 
287,TOT,1202,70,.296,0.7,17.1 
287,SAC,746,46,.347,0.9,16.2 
287,BOS,456,24,.224,0.5,18.4 
288,ATL,89,23,.235,1.2,27.2 
289,TOT,711,52,.103,0.7,12.1 
289,CHA,667,44,.100,0.7,11.6 
289,LAL,44,8,.167,0.0,18.9 
290,GSW,1515,67,.172,1.2,8.3 
291,IND,2482,73,.240,1.2,11.9 
292,ATL,1975,80,.293,2.4,12.5 
293,HOU,96,9,.692,0.0,26.1 
294,NJN,319,27,.297,1.7,17.7 
295,PHO,2484,74,.247,1.1,20.8 
296,GSW,171,13,.259,2.6,20.0 
297,ORL,1309,42,.183,2.0,12.6 
298,IND,1214,70,.073,1.2,12.3 
299,TOT,14,4,.222,0.0,0.0 
299,CHI,5,2,.000,0.0,0.0 
299,NYK,9,2,.400,0.0,0.0 
300,CHI,1938,80,.489,1.3,15.4 
Rk,Tm,MP,G,FTr,STL%,TOV% 
301,TOT,1991,76,.261,1.0,12.6 
301,CHI,1278,53,.276,1.0,12.7 
301,SAC,713,23,.234,0.9,12.6 
302,LAC,1161,71,.058,0.9,5.4 
303,DAL,3050,81,.337,1.0,7.8 
304,TOT,255,39,.238,1.2,19.2 
304,BOS,108,26,.387,1.5,31.9 
304,TOR,147,13,.151,1.1,8.1 
305,TOT,2027,68,.288,0.8,14.2 
305,TOR,1216,41,.305,0.8,14.9 
305,MIA,811,27,.262,0.7,13.3 
306,PHO,2252,75,.617,1.1,13.6 
307,SAS,677,54,.337,0.6,24.1 
308,POR,1314,61,.644,1.1,16.2 
309,LAL,2316,78,.366,1.7,14.5 
310,CHA,2691,82,.478,1.0,13.4 
311,UTA,2409,72,.376,1.2,11.3 
312,MIN,850,50,.640,1.2,15.0 
313,POR,2246,81,.285,1.2,8.9 
314,ATL,1473,77,.719,1.3,17.8 
315,TOR,2637,80,.192,2.0,12.2 
316,SAS,2456,72,.287,1.5,11.6 
317,NOH,3002,78,.418,3.9,13.5 
318,CLE,1053,66,.196,1.1,13.8 
319,WAS,277,32,.287,1.1,8.1 
320,BOS,2253,76,.335,0.5,23.1 
Rk,Tm,MP,G,FTr,STL%,TOV% 
321,NOH,515,43,.104,1.6,7.3 
322,TOT,559,49,.165,1.7,12.9 
322,OKC,342,22,.133,2.4,11.1 
322,DEN,217,27,.222,0.7,15.8 
323,BOS,3035,81,.468,1.4,13.8 
324,ORL,1329,54,.258,1.2,10.6 
325,NOH,2140,75,.279,1.5,11.8 
326,BOS,1227,70,.790,1.0,14.3 
327,LAL,703,60,.209,0.7,16.3 
328,UTA,738,52,.222,2.7,21.5 
329,DET,3057,82,.238,0.8,8.2 
330,BOS,366,47,.208,2.2,14.7 
331,POR,1952,82,.628,1.0,18.5 
332,MIA,962,66,.201,1.3,9.5 
333,TOT,1445,78,.124,1.7,16.6 
333,LAL,771,46,.126,1.8,17.2 
333,CHA,674,32,.123,1.5,16.1 
334,GSW,1129,63,.327,1.8,14.0 
335,POR,37,10,.308,0.0,28.9 
336,TOT,1757,50,.279,1.3,10.4 
336,NYK,388,11,.354,1.7,9.5 
336,LAC,1369,39,.259,1.1,10.7 
337,PHI,579,46,.547,1.6,15.0 
338,MIL,1203,33,.294,1.5,7.9 
339,ORL,1111,64,.311,1.0,13.7 
340,TOT,2410,72,.204,1.6,8.2 
340,CHA,491,14,.250,1.5,8.9 
340,PHO,1919,58,.191,1.6,8.0 
Rk,Tm,MP,G,FTr,STL%,TOV% 
341,ORL,93,12,.122,0.0,5.5 
342,NYK,1894,72,.175,1.2,9.3 
343,MIL,2033,72,.246,2.3,15.7 
344,TOT,276,29,.042,1.8,6.1 
344,NYK,253,23,.049,2.0,6.2 
344,CHI,23,6,.000,0.0,5.6 
345,NYK,2209,74,.288,2.1,10.7 
346,POR,1225,80,.234,2.4,24.7 
347,BOS,2642,80,.353,3.0,19.2 
348,CHI,3000,81,.207,1.1,13.3 
349,TOT,470,38,.389,1.1,19.0 
349,NYK,160,18,.268,0.3,27.1 
349,OKC,310,20,.444,1.5,15.0 
350,MEM,1164,68,.162,1.5,11.5 
351,POR,2903,78,.383,1.7,9.0 
352,POR,35,11,.286,4.7,20.2 
353,IND,1803,75,.115,1.0,11.0 
354,PHI,199,25,.069,1.3,14.3 
355,TOT,2959,79,.317,1.4,11.7 
355,SAC,1980,53,.312,1.5,12.6 
355,CHI,979,26,.330,1.3,9.7 
356,TOT,83,18,.219,1.9,7.9 
356,DEN,24,6,.000,4.2,13.3 
356,LAC,51,10,.313,1.0,5.2 
356,NYK,8,2,.667,0.0,0.0 
357,BOS,504,39,.158,0.7,9.0 
358,HOU,2488,82,.323,1.5,11.9 
359,TOT,1453,66,.204,2.7,14.1 
359,CHI,735,43,.137,2.5,16.1 
359,OKC,718,23,.274,2.9,12.1 
360,TOT,29,6,1.111,1.8,23.0 
360,OKC,23,5,1.286,2.2,21.5 
360,NYK,6,1,.500,0.0,29.1 
Rk,Tm,MP,G,FTr,STL%,TOV% 
361,MIL,2173,79,.457,2.0,14.0 
362,DET,20,8,.182,0.0,0.0 
363,NJN,1729,71,.132,1.5,11.7 
364,TOT,84,18,.640,0.6,5.9 
364,CHI,61,11,.667,0.8,0.0 
364,SAC,23,7,.500,0.0,29.1 
365,TOT,13,2,.000,0.0,14.3 
365,PHO,2,1,0.0,0.0,100.0 
365,NYK,11,1,.000,0.0,0.0 
366,TOT,303,37,.247,1.9,19.6 
366,PHO,122,13,.162,2.5,11.2 
366,CHA,181,24,.313,1.5,24.8 
367,DAL,884,62,.353,1.5,12.4 
368,LAC,843,51,.229,1.1,16.0 
369,MIN,1460,74,.482,1.1,14.4 
370,DEN,2245,81,.286,1.8,12.3 
371,TOT,1102,57,.246,0.8,6.3 
371,OKC,691,36,.248,0.7,5.8 
371,CLE,411,21,.243,0.9,7.3 
372,ATL,2421,69,.423,2.1,13.8 
373,TOT,712,53,.139,2.0,17.2 
373,TOR,544,39,.133,1.9,20.4 
373,SAC,168,14,.156,2.1,6.8 
374,WAS,1521,77,.197,2.2,13.0 
375,PHI,1263,79,.263,1.1,7.6 
376,DAL,162,10,.117,1.3,12.5 
377,WAS,886,32,.260,1.3,11.1 
378,NOH,2089,61,.145,1.4,6.3 
379,PHO,1948,53,.517,1.3,14.0 
380,DET,2517,79,.318,1.7,14.3 
Rk,Tm,MP,G,FTr,STL%,TOV% 
381,OKC,343,26,.225,0.7,9.3 
382,TOT,185,19,.464,1.1,19.2 
382,NJN,64,6,.733,0.0,26.1 
382,PHO,121,13,.366,1.7,15.9 
383,CLE,1527,74,.266,1.0,11.0 
384,LAC,771,51,.303,2.4,19.4 
385,MIN,2095,75,.230,1.8,16.0 
386,DAL,2491,74,.193,2.0,8.6 
387,WAS,306,26,.348,0.5,19.1 
388,SAC,62,8,.000,4.9,11.1 
389,SAS,1404,79,.148,1.3,11.5 
390,TOT,1247,64,.276,1.2,12.5 
390,LAC,220,10,.378,0.7,11.8 
390,NYK,773,36,.260,1.4,13.8 
390,CHI,254,18,.222,1.2,9.2 
391,CHI,2175,79,.445,2.2,13.6 
392,SAC,2303,82,.399,1.0,14.8 
393,LAC,2654,71,.298,1.2,9.9 
394,SAS,208,19,.154,1.3,9.2 
395,PHO,282,30,.273,0.9,9.4 
396,GSW,1696,79,.339,1.0,14.3 
397,ORL,2815,77,.380,1.2,14.6 
398,SAS,1035,67,.160,1.9,11.0 
399,SAC,2270,73,.216,1.8,17.2 
400,TOR,890,72,.185,1.8,14.6 
Rk,Tm,MP,G,FTr,STL%,TOV% 
401,CLE,2306,81,.496,1.8,11.5 
402,SAS,292,30,.240,1.1,15.3 
403,MIL,2095,78,.220,1.2,10.4 
404,TOR,240,38,.311,0.7,24.9 
405,LAL,1293,80,.190,3.0,7.5 
406,MIA,3048,79,.443,3.0,11.6 
407,HOU,1225,63,.229,1.7,9.5 
408,BOS,216,29,.397,1.5,20.9 
409,CLE,1314,56,.413,2.0,15.7 
410,CHA,2669,71,.560,2.5,12.8 
411,DET,2123,66,.140,1.6,7.2 
412,LAL,1166,65,.186,1.4,17.2 
413,MEM,2029,82,.540,1.3,10.3 
414,GSW,1883,77,.343,2.5,12.5 
415,OKC,1776,68,.234,1.4,23.8 
416,OKC,1166,56,.236,2.1,20.3 
417,POR,5,1,.000,0.0,0.0 
418,DEN,55,12,.320,0.9,17.4 
419,NOH,2982,76,.321,0.9,10.0 
420,CLE,2152,64,.173,2.4,12.0 
Rk,Tm,MP,G,FTr,STL%,TOV% 
421,ATL,269,53,.882,3.6,21.6 
422,OKC,2668,82,.391,2.1,17.6 
423,OKC,130,7,.260,1.2,5.1 
424,HOU,11,4,.000,4.8,37.5 
425,TOT,1049,62,.378,1.3,14.8 
425,OKC,719,37,.325,1.3,15.2 
425,NYK,330,25,.520,1.2,13.8 
426,OKC,636,41,.216,1.8,13.7 
427,UTA,2505,68,.390,1.5,16.5 
428,CLE,20,10,.000,2.7,7.7 
429,PHI,1919,81,.456,2.4,13.0 
430,GSW,54,9,.353,0.9,16.9 
431,SAS,3,2,.000,0.0,0.0 
432,ATL,2093,61,.439,1.5,8.6 
433,CLE,2834,81,.202,1.3,12.7 
434,NJN,366,33,.444,1.0,18.9 
435,DAL,170,15,.196,0.6,7.6 
436,TOT,512,45,.401,2.2,15.5 
436,SAC,305,30,.472,2.0,19.5 
436,MIN,207,15,.309,2.5,9.4 
437,HOU,2452,69,.253,2.3,10.8 
438,DAL,1552,65,.220,1.6,10.3 
439,GSW,688,39,.346,1.6,7.5 
440,MIA,73,6,.300,1.5,20.9 
Rk,Tm,MP,G,FTr,STL%,TOV% 
441,NOH,772,54,.128,2.5,14.8 
442,CLE,125,17,.296,1.7,22.8 
443,WAS,1837,82,.255,1.1,9.9 
444,PHI,2580,75,.197,2.1,10.2 
