Rk,Tm,MP,G,FTr,STL%,TOV% 
1,HOU,63,8,.750,0.0,8.6 
2,DEN,2086,62,.353,0.9,9.5 
3,UTA,30,4,.000,0.0,26.3 
4,TOR,122,14,.222,0.9,11.2 
5,OKC,173,26,.333,2.4,15.7 
6,POR,1994,55,.291,1.3,9.5 
7,PHI,624,41,.084,1.1,10.4 
8,BOS,1565,46,.215,1.7,11.2 
9,MEM,1525,58,.391,3.6,15.2 
10,WAS,67,4,.176,5.4,5.2 
11,NOH,1477,66,.312,2.2,18.0 
12,IND,753,60,.396,1.9,15.6 
13,DEN,486,32,.759,2.0,10.6 
14,TOR,461,17,.239,0.6,13.7 
15,SAS,603,51,.299,0.7,13.2 
16,ORL,1964,61,.226,1.4,6.4 
17,NYK,1876,55,.358,1.7,10.8 
18,MIA,1349,64,.467,1.4,19.7 
19,MEM,211,17,.156,2.8,14.9 
20,NOH,1350,41,.253,2.8,14.5 
Rk,Tm,MP,G,FTr,STL%,TOV% 
21,CHI,971,66,.660,1.7,25.2 
22,CHA,1408,48,.246,1.3,16.9 
23,NOH,1088,54,.241,2.6,13.7 
24,IND,106,20,.194,1.5,4.9 
25,DAL,18,3,.000,2.9,33.3 
26,POR,537,40,.116,1.0,12.9 
27,NYK,115,14,.344,1.8,14.0 
28,TOT,1382,64,.195,2.2,12.0 
28,TOR,946,42,.200,2.0,12.1 
28,IND,436,22,.180,2.4,11.6 
29,MIN,1032,41,.234,1.0,18.3 
30,TOR,1032,31,.357,0.9,11.0 
31,LAL,1440,63,.331,1.3,14.1 
32,GSW,9,2,.000,0.0,0.0 
33,BOS,1868,59,.258,1.0,8.5 
34,PHI,295,27,.078,0.7,7.0 
35,MIA,1499,65,.127,2.2,10.7 
36,POR,1791,59,.248,1.7,11.2 
37,TOR,705,31,.319,1.8,14.4 
38,MIN,1087,47,.191,0.9,12.9 
39,DAL,1151,53,.155,2.6,12.8 
40,NOH,1966,66,.188,1.3,8.5 
Rk,Tm,MP,G,FTr,STL%,TOV% 
41,UTA,796,34,.144,0.9,10.2 
42,GSW,9,3,.000,0.0,0.0 
43,NYK,557,39,.065,1.9,13.6 
44,GSW,739,47,.141,1.6,17.1 
45,LAC,607,20,.417,0.8,12.3 
46,CHA,1455,63,.514,0.7,17.2 
47,SAS,1363,64,.236,2.2,14.2 
48,LAL,1237,53,.101,1.7,20.5 
49,WAS,626,26,.200,1.7,12.2 
50,LAC,464,40,.349,3.6,24.4 
51,NJN,94,5,.238,1.1,11.5 
52,MIL,364,12,.169,1.7,14.1 
53,SAS,1326,65,.060,0.6,3.8 
54,WAS,1261,50,.273,2.0,13.2 
55,CHI,1948,66,.163,1.7,11.3 
56,MIA,2007,57,.346,1.3,11.2 
57,HOU,111,8,.417,0.5,14.1 
58,PHI,88,14,.061,0.0,10.6 
59,BOS,1368,64,.194,1.7,14.7 
60,PHI,1732,60,.200,1.8,9.3 
Rk,Tm,MP,G,FTr,STL%,TOV% 
61,DEN,1287,59,.281,2.9,9.7 
62,CHI,1635,66,.225,2.4,10.8 
63,MIL,239,35,.333,0.9,16.2 
64,NJN,1648,56,.231,1.7,14.3 
65,CHA,1443,65,.345,1.8,10.5 
66,GSW,187,9,.850,2.2,20.3 
67,PHO,1400,59,.166,1.6,9.1 
68,LAL,2232,58,.338,1.6,11.7 
69,HOU,1298,58,.149,1.2,9.9 
70,UTA,939,59,.401,1.5,10.8 
71,LAC,1871,63,.152,1.5,9.3 
72,CHI,359,42,.709,1.6,11.9 
73,TOR,453,34,.090,0.8,9.8 
74,SAS,37,2,.364,2.8,0.0 
75,LAL,2112,60,.425,0.7,13.9 
76,DET,514,36,.330,2.4,19.6 
77,TOR,1799,53,.143,1.4,17.0 
78,TOT,1352,59,.223,1.9,15.3 
78,POR,894,40,.236,1.9,20.9 
78,HOU,458,19,.206,1.9,6.8 
79,DAL,277,44,.109,1.5,12.2 
80,TOT,348,24,.152,1.8,8.9 
80,DEN,21,4,.000,0.0,25.0 
80,UTA,327,20,.162,1.9,7.8 
Rk,Tm,MP,G,FTr,STL%,TOV% 
81,CHA,596,53,.242,1.4,12.1 
82,TOR,209,24,.189,2.1,22.8 
83,DAL,1542,61,.212,1.9,12.4 
84,CLE,1341,65,.262,1.5,12.2 
85,MIA,1825,64,.203,2.8,20.7 
86,NYK,2061,62,.887,1.4,17.1 
87,DEN,215,8,.152,1.4,17.6 
88,PHO,491,34,.020,1.5,8.3 
89,ORL,559,45,.209,1.2,14.1 
90,MIA,1260,65,.189,1.8,17.7 
91,ATL,308,30,.375,0.7,17.7 
92,IND,1878,60,.293,1.4,16.2 
93,OKC,1307,63,.308,1.3,21.1 
94,MEM,2174,62,.231,3.3,14.2 
95,TOT,276,32,.102,1.1,9.7 
95,LAC,121,16,.082,0.9,7.3 
95,WAS,155,16,.122,1.3,11.9 
96,OKC,989,57,.074,1.1,5.0 
97,SAC,1950,64,.373,2.4,12.8 
98,POR,1613,60,.280,1.8,11.8 
99,WAS,1753,64,.233,1.7,12.8 
100,MEM,1124,64,.247,2.0,8.6 
Rk,Tm,MP,G,FTr,STL%,TOV% 
101,MIA,83,14,.308,0.0,25.3 
102,GSW,732,26,.159,2.8,17.0 
103,HOU,1446,65,.286,1.3,15.6 
104,ATL,83,15,.000,0.6,27.3 
105,BOS,484,38,.161,2.3,15.5 
106,NYK,595,29,.130,2.9,28.1 
107,TOR,1534,66,.316,1.4,14.9 
108,ORL,1427,61,.313,1.6,11.0 
109,MEM,130,15,.296,2.8,8.9 
110,SAS,39,4,.167,1.3,18.9 
111,DET,603,41,.189,2.0,14.0 
112,MIL,1537,54,.106,2.6,12.2 
113,CHI,2129,54,.219,1.4,10.4 
114,TOT,91,6,.214,1.2,18.6 
114,SAS,19,2,.000,2.7,14.3 
114,TOR,72,4,.273,0.7,19.6 
115,TOR,2206,63,.367,1.2,10.5 
116,TOT,1424,57,.100,1.2,23.4 
116,CHA,1018,37,.095,1.0,22.2 
116,SAS,406,20,.118,1.8,28.1 
117,SAS,14,2,1.000,0.0,25.8 
118,CHA,325,27,.143,1.0,29.9 
119,BOS,662,46,.190,1.0,16.1 
120,NYK,656,38,.090,2.3,15.7 
Rk,Tm,MP,G,FTr,STL%,TOV% 
121,HOU,1752,66,.317,2.5,18.7 
122,PHO,2020,65,.255,1.3,9.1 
123,ORL,1226,63,.103,1.5,27.6 
124,SAS,1634,58,.340,1.2,10.3 
125,MIL,1445,55,.284,1.0,9.3 
126,OKC,2546,66,.386,1.8,14.0 
127,NOH,180,9,.750,3.3,23.9 
128,LAL,396,24,.393,1.5,14.7 
129,MIN,973,51,.132,1.4,7.5 
130,TOT,2120,58,.264,2.1,13.2 
130,GSW,1365,37,.264,2.1,13.5 
130,MIL,755,21,.265,2.0,12.6 
131,PHI,16,5,.000,3.3,25.0 
132,NJN,45,6,1.143,2.4,16.0 
133,CLE,333,28,.554,1.6,14.8 
134,UTA,217,29,.381,1.5,9.3 
135,WAS,343,24,.116,2.1,7.8 
136,LAC,771,56,.986,2.2,29.9 
137,SAC,2162,63,.287,2.0,14.4 
138,TOT,102,7,.320,1.5,9.5 
138,CLE,83,6,.316,1.9,8.5 
138,LAL,19,1,.333,0.0,12.7 
139,DEN,1037,46,.531,1.7,12.4 
140,NJN,831,39,.200,1.5,16.6 
Rk,Tm,MP,G,FTr,STL%,TOV% 
141,UTA,1376,65,.436,1.4,16.3 
142,POR,1906,60,.193,2.2,19.6 
143,DEN,710,31,.191,2.2,14.1 
144,IND,17,3,1.200,6.2,0.0 
145,NYK,1894,66,.267,2.1,15.1 
146,TOT,1508,63,.193,1.8,16.2 
146,LAL,1101,43,.221,1.9,18.1 
146,OKC,407,20,.130,1.4,11.6 
147,TOT,416,29,.298,0.8,19.5 
147,HOU,135,11,.341,1.2,16.0 
147,POR,281,18,.278,0.6,21.1 
148,NOH,39,4,.000,0.0,25.0 
149,TOR,713,48,.336,1.8,14.8 
150,SAS,191,14,.326,2.4,31.9 
151,TOT,95,10,.469,1.7,20.6 
151,LAC,46,4,.750,0.0,23.9 
151,HOU,49,6,.300,3.2,18.1 
152,IND,141,11,.500,3.0,24.2 
153,LAC,1682,65,.132,1.5,9.7 
154,SAC,1135,61,.108,1.3,12.5 
155,PHO,1669,64,.134,1.3,8.8 
156,NYK,13,2,1.000,4.0,25.8 
157,NJN,793,57,.354,3.7,14.2 
158,DEN,1351,43,.448,1.6,10.9 
159,SAC,798,49,.131,2.3,8.3 
160,BOS,1864,60,.243,1.6,11.1 
Rk,Tm,MP,G,FTr,STL%,TOV% 
161,MEM,2370,65,.428,1.4,12.1 
162,LAL,2430,65,.285,0.8,12.1 
163,MEM,2422,65,.246,2.1,12.0 
164,CLE,1827,63,.385,2.4,15.0 
165,IND,1958,66,.285,2.9,14.0 
166,CLE,916,35,.173,1.5,14.4 
167,CHI,1284,63,.334,1.1,11.5 
168,SAS,792,34,.354,1.6,16.3 
169,TOT,252,26,.203,0.8,9.8 
169,MIA,28,8,.000,1.9,50.0 
169,GSW,224,18,.214,0.7,6.1 
170,LAC,425,32,.116,2.0,13.1 
171,MIL,1469,56,.317,1.6,12.7 
172,DET,1398,52,.257,1.3,16.3 
173,NOH,310,9,.464,2.3,12.5 
174,PHO,2114,66,.326,1.2,9.3 
175,LAL,419,40,.069,0.5,10.5 
176,IND,2062,62,.309,1.6,9.3 
177,TOR,813,49,.292,1.5,21.9 
178,SAS,1522,66,.210,2.0,11.4 
179,NJN,781,31,.203,1.9,13.6 
180,ATL,922,53,.172,1.3,8.6 
Rk,Tm,MP,G,FTr,STL%,TOV% 
181,SAC,777,53,.207,1.2,9.9 
182,LAC,2392,66,.458,1.2,10.9 
183,MEM,206,35,.542,0.3,26.1 
184,DEN,258,26,.045,0.8,12.4 
185,CHI,697,28,.119,0.9,13.1 
186,IND,1442,66,.580,2.0,9.8 
187,CLE,231,21,.185,1.4,5.4 
188,OKC,1946,62,.587,1.6,14.8 
189,ORL,84,14,.032,1.3,16.0 
190,NYK,540,37,.174,2.2,11.1 
191,DEN,1761,64,.228,1.7,11.6 
192,UTA,1741,63,.386,1.9,16.1 
193,CLE,456,26,.393,1.5,13.3 
194,MIA,318,22,.253,1.5,21.3 
195,MIL,479,42,.320,1.4,13.9 
196,MIA,1589,64,.286,1.2,13.0 
197,PHI,920,37,.172,0.9,13.8 
198,SAC,1039,54,.229,1.8,21.1 
199,UTA,2015,66,.396,1.4,13.7 
200,OKC,141,26,.316,1.1,17.2 
Rk,Tm,MP,G,FTr,STL%,TOV% 
201,DAL,1146,54,.421,1.1,14.5 
202,CHA,1831,55,.282,1.4,11.0 
203,NOH,759,45,.373,1.9,11.7 
204,IND,1937,65,.358,0.9,14.2 
205,TOT,1244,54,.342,1.2,13.4 
205,SAC,644,35,.335,1.4,16.4 
205,POR,600,19,.347,1.1,10.9 
206,CHA,423,38,.375,0.6,17.3 
207,TOT,1110,39,.427,1.9,17.1 
207,DEN,826,28,.473,2.2,18.5 
207,WAS,284,11,.313,1.1,13.0 
208,IND,1274,50,.308,1.7,10.8 
209,PHO,1378,49,.242,1.5,11.5 
210,TOT,551,39,.285,1.3,14.3 
210,HOU,469,32,.289,1.0,13.6 
210,LAL,82,7,.267,3.2,17.3 
211,ATL,1237,48,.108,1.6,15.8 
212,MIL,39,5,.000,0.0,13.3 
213,PHI,2196,65,.144,2.5,13.2 
214,TOT,522,39,.893,0.5,23.0 
214,CLE,362,24,.982,0.6,23.0 
214,BOS,160,15,.714,0.3,23.0 
215,SAC,88,15,.208,2.3,7.1 
216,ATL,348,11,.291,1.5,12.1 
217,NJN,22,8,1.000,0.0,14.8 
218,ORL,2070,54,.788,2.1,15.2 
219,UTA,991,43,.269,1.7,11.6 
220,MIA,190,28,.182,1.1,25.2 
Rk,Tm,MP,G,FTr,STL%,TOV% 
221,TOT,334,16,.253,2.2,15.1 
221,CLE,314,13,.252,2.3,15.2 
221,MEM,20,3,.273,0.0,14.0 
222,ORL,114,9,.091,0.9,34.4 
223,NJN,2162,62,.414,1.2,13.0 
224,OKC,1792,66,.241,1.0,12.7 
225,PHI,2209,62,.310,2.6,13.8 
226,MIL,1655,60,.307,1.3,10.1 
227,CLE,1558,51,.262,1.8,16.1 
228,OKC,354,34,.110,2.0,10.5 
229,NOH,1530,45,.254,1.1,14.1 
230,OKC,501,45,.182,2.6,17.3 
231,TOT,1212,47,.268,2.3,17.8 
231,MIL,712,26,.221,1.9,18.1 
231,SAS,500,21,.353,2.9,17.3 
232,NJN,170,7,.343,2.2,23.0 
233,MIA,2326,62,.429,2.6,13.3 
234,CHI,120,11,.163,1.8,21.0 
235,CLE,2151,65,.260,1.2,7.2 
236,UTA,2075,61,.169,1.2,5.2 
237,TOT,1748,63,.174,1.1,8.7 
237,SAS,1168,41,.157,1.1,8.6 
237,GSW,580,22,.207,1.1,8.9 
238,NYK,729,39,.500,2.0,14.2 
239,GSW,893,51,.134,1.9,16.3 
240,MIL,2331,66,.213,2.3,10.6 
Rk,Tm,MP,G,FTr,STL%,TOV% 
241,DET,1468,64,.274,1.5,11.5 
242,DAL,203,30,.256,1.8,13.3 
243,TOR,1553,64,.247,1.1,20.0 
244,TOT,124,9,.140,2.1,11.6 
244,POR,5,1,.000,10.5,50.0 
244,NJN,119,8,.143,1.8,10.1 
245,NOH,119,15,.086,3.7,16.2 
246,TOT,175,27,.463,1.9,23.3 
246,POR,93,20,.522,0.6,19.8 
246,NOH,82,7,.389,3.3,27.5 
247,ATL,934,56,.364,2.4,17.8 
248,BOS,298,36,.074,0.9,10.1 
249,TOR,1561,62,.222,2.4,15.1 
250,ATL,2127,60,.200,1.2,10.3 
251,NOH,61,11,.357,0.9,23.6 
252,MIN,1469,65,.086,1.2,12.7 
253,IND,1052,65,.352,1.2,12.4 
254,DAL,268,33,.507,2.0,23.9 
255,MIA,666,51,.200,1.3,5.8 
256,TOT,292,21,.377,1.7,20.2 
256,LAC,96,10,.625,2.2,32.9 
256,NOH,196,11,.340,1.4,17.6 
257,LAC,1798,66,.433,0.9,16.0 
258,NYK,108,21,.303,0.5,5.1 
259,SAS,266,29,.243,1.4,13.4 
260,NOH,1372,47,.179,1.0,16.7 
Rk,Tm,MP,G,FTr,STL%,TOV% 
261,UTA,874,66,.445,1.1,16.1 
262,LAL,269,27,.073,0.6,9.6 
263,CLE,59,2,.167,1.8,18.9 
264,DAL,1379,48,.103,3.1,24.2 
265,TOR,1057,49,.244,1.2,12.4 
266,DET,2129,66,.178,1.2,17.1 
267,CHI,1469,65,.160,1.3,10.7 
268,DEN,792,48,.286,1.5,13.2 
269,NOH,999,41,.508,0.7,12.6 
270,DEN,2124,61,.282,2.0,14.7 
271,HOU,1757,58,.148,2.0,9.4 
272,GSW,2121,57,.304,1.3,12.5 
273,MIN,243,19,.288,1.7,20.4 
274,SAS,1534,64,.218,2.9,9.0 
275,LAC,45,10,.643,2.4,10.0 
276,MIL,555,46,.147,1.3,8.1 
277,WAS,729,28,.167,1.6,11.9 
278,ORL,115,17,.760,2.8,23.1 
279,NYK,940,35,.478,3.0,21.4 
280,MIL,1092,58,.292,1.3,17.8 
Rk,Tm,MP,G,FTr,STL%,TOV% 
281,NJN,136,5,.416,0.4,6.2 
282,PHO,895,64,.520,1.0,11.5 
283,MIN,2145,55,.434,1.1,9.2 
284,HOU,1510,47,.386,2.5,17.8 
285,CHI,726,49,.089,1.4,10.1 
286,WAS,779,64,.268,1.9,16.3 
287,DET,135,23,.400,1.6,6.8 
288,CHA,881,32,.558,1.4,11.3 
289,TOR,374,34,.600,0.6,27.9 
290,DAL,1139,61,.618,1.8,14.2 
291,DAL,1919,63,.144,1.8,12.5 
292,WAS,391,17,.142,1.5,8.4 
293,LAC,940,42,.245,2.5,11.6 
294,HOU,1264,40,.333,1.2,10.2 
295,WAS,697,52,.105,1.0,10.6 
296,POR,2228,66,.224,2.3,8.0 
297,DET,1466,65,.277,1.2,14.2 
298,OKC,137,9,.103,1.9,21.3 
299,MEM,1771,66,.234,2.1,13.3 
300,MIL,1009,43,.395,2.0,11.3 
Rk,Tm,MP,G,FTr,STL%,TOV% 
301,TOT,1535,61,.303,1.2,12.2 
301,WAS,1124,41,.290,1.2,13.1 
301,DEN,411,20,.336,1.2,9.8 
302,ATL,837,52,.359,1.0,16.5 
303,GSW,1127,64,.252,2.0,19.4 
304,LAL,718,50,.305,1.1,18.8 
305,PHI,1644,66,.182,1.3,5.4 
306,UTA,1145,56,.292,2.1,9.2 
307,MIN,472,29,.285,1.0,17.9 
308,DEN,1809,66,.306,1.8,22.0 
309,MIN,146,15,.444,1.4,27.1 
310,MIA,752,39,.024,1.0,12.4 
311,SAS,261,16,.115,2.0,16.0 
312,UTA,2100,64,.296,2.9,10.3 
313,OKC,692,63,.136,1.5,12.7 
314,DET,2082,66,.348,2.1,15.2 
315,CHA,123,8,.083,0.4,24.3 
316,BOS,331,38,.062,1.8,15.3 
317,GSW,118,7,.350,1.3,23.3 
318,LAL,169,19,.214,0.6,29.2 
319,HOU,126,17,.148,0.8,6.5 
320,PHO,1227,63,.243,1.7,12.7 
Rk,Tm,MP,G,FTr,STL%,TOV% 
321,NJN,1636,62,.158,1.5,9.0 
322,DEN,687,44,.300,1.1,19.8 
323,CHA,1465,65,.190,0.8,10.4 
324,LAL,956,59,.053,0.8,12.9 
325,WAS,3,3,.000,0.0,0.0 
326,CHA,270,22,.063,3.7,9.6 
327,PHO,1961,62,.256,1.0,27.1 
328,SAS,1206,56,.132,1.2,10.5 
329,ORL,1706,57,.145,1.2,17.3 
330,CHI,1945,64,.420,1.1,13.7 
331,PHI,56,11,.550,1.0,16.8 
332,NYK,1020,54,.077,0.8,5.7 
333,DAL,2079,62,.343,1.1,9.0 
334,BOS,570,25,.258,0.7,13.6 
335,DAL,1027,50,.281,1.0,11.7 
336,NOH,781,27,.346,1.1,13.0 
337,NJN,454,17,.036,1.1,15.0 
338,ORL,187,16,.833,2.3,14.6 
339,SAC,500,39,.263,1.9,9.3 
340,NJN,75,7,.364,0.0,13.6 
Rk,Tm,MP,G,FTr,STL%,TOV% 
341,ATL,1640,58,.466,1.8,16.5 
342,ATL,671,50,.079,1.6,15.8 
343,MEM,424,44,.180,1.9,22.1 
344,CLE,1280,51,.172,1.6,12.5 
345,SAS,1923,60,.319,1.5,13.1 
346,HOU,1804,63,.142,2.1,12.2 
347,HOU,1483,64,.112,1.0,8.4 
348,LAC,2181,60,.339,3.8,10.8 
349,BOS,527,45,.063,2.0,13.2 
350,MIN,1264,47,.412,1.2,14.0 
351,OKC,1744,65,.427,0.7,27.5 
352,NJN,920,59,.142,1.2,12.1 
353,BOS,2075,61,.387,1.8,14.2 
354,BOS,921,42,.115,1.2,10.4 
355,MIA,301,35,.298,1.4,13.8 
356,MEM,1002,64,.222,1.4,10.3 
357,IND,568,44,.201,1.9,14.5 
358,PHO,517,36,.192,3.4,24.6 
359,DET,2087,63,.144,0.7,8.0 
360,POR,449,27,.375,0.5,28.2 
Rk,Tm,MP,G,FTr,STL%,TOV% 
361,ATL,755,49,.147,1.5,14.3 
362,MIN,517,34,.420,1.3,14.4 
363,MEM,735,28,.309,1.5,11.0 
364,PHO,770,51,.308,0.9,8.3 
365,ORL,1765,65,.269,0.8,9.4 
366,OKC,17,5,.000,0.0,16.7 
367,ORL,1591,54,.116,1.8,8.7 
368,ORL,866,48,.152,1.7,12.1 
369,MIN,1750,53,.216,1.6,13.7 
370,GSW,1192,51,.233,2.6,12.3 
371,BOS,1957,53,.316,2.6,22.8 
372,CHI,1375,39,.344,1.4,12.9 
373,MIN,1404,41,.404,3.3,22.2 
374,GSW,1717,65,.175,1.1,11.9 
375,DET,357,28,.232,2.7,24.0 
376,SAC,1250,46,.130,1.5,11.0 
377,CLE,825,54,.506,1.3,16.5 
378,MIL,643,52,.207,2.5,17.6 
379,CHI,122,28,.200,2.2,21.6 
380,HOU,2067,66,.223,0.9,13.6 
Rk,Tm,MP,G,FTr,STL%,TOV% 
381,OKC,914,42,.277,2.1,18.7 
382,MEM,237,28,.194,1.6,27.1 
383,WAS,1176,57,.183,0.8,13.8 
384,TOT,1707,64,.439,1.4,17.3 
384,CLE,1006,41,.415,1.4,16.4 
384,LAL,701,23,.479,1.3,18.8 
385,NYK,1705,59,.204,3.1,16.0 
386,PHI,39,2,.200,0.0,15.5 
387,LAC,418,28,.078,1.9,9.7 
388,WAS,1431,66,.141,2.5,10.3 
389,WAS,262,12,.200,1.8,10.9 
390,MEM,4,1,.000,0.0,0.0 
391,TOT,669,33,.152,1.0,18.8 
391,ATL,20,5,.000,2.7,20.0 
391,NOH,41,3,.286,2.7,24.1 
391,CLE,608,25,.148,0.9,18.3 
392,POR,464,47,.453,1.8,14.6 
393,HOU,69,8,.000,1.5,8.3 
394,TOT,234,26,.123,3.4,13.2 
394,GSW,63,6,.067,3.3,3.1 
394,ORL,171,20,.157,3.5,18.0 
395,NYK,967,35,.136,2.9,9.7 
396,NOH,947,40,.135,1.2,9.8 
397,NJN,46,5,.000,5.8,0.0 
398,ATL,2329,66,.292,2.1,11.7 
399,POR,541,44,.156,1.8,17.9 
400,MEM,1345,60,.223,0.8,12.1 
Rk,Tm,MP,G,FTr,STL%,TOV% 
401,SAS,1121,59,.528,1.0,17.1 
402,ATL,273,30,.230,1.9,10.6 
403,IND,442,42,.136,2.5,21.4 
404,NJN,960,51,.093,1.1,9.6 
405,BOS,766,55,.339,2.6,19.2 
406,DEN,179,22,.355,2.3,23.5 
407,NYK,1543,47,.372,1.3,12.8 
408,DET,1644,55,.536,1.4,12.6 
409,NOH,209,15,.138,1.8,10.4 
410,ATL,2183,66,.275,2.6,15.1 
411,PHO,895,60,.196,2.4,15.5 
412,DAL,2000,63,.134,1.9,12.6 
413,TOT,139,20,.952,0.4,21.2 
413,HOU,23,5,.000,0.0,0.0 
413,POR,116,15,1.111,0.5,23.0 
414,SAC,1656,65,.324,1.6,13.9 
415,POR,803,53,.127,1.6,15.8 
416,NOH,630,42,.492,0.9,13.5 
417,SAS,15,3,.667,3.4,0.0 
418,CHA,1013,54,.254,1.9,12.7 
419,LAC,119,24,.115,1.4,8.6 
420,SAC,1657,64,.409,1.3,11.5 
Rk,Tm,MP,G,FTr,STL%,TOV% 
421,GSW,1608,66,.127,1.6,12.0 
422,CLE,95,5,.000,1.1,17.2 
423,CLE,1424,60,.434,1.0,13.3 
424,SAC,1780,51,.203,2.0,8.8 
425,UTA,507,37,.121,1.8,25.9 
426,MIN,882,51,.302,1.0,14.5 
427,TOT,279,17,.667,2.6,24.7 
427,WAS,58,4,.000,5.4,66.7 
427,MIA,221,13,.733,1.9,16.8 
428,ORL,1653,53,.188,1.5,20.6 
429,PHI,1713,65,.183,1.2,14.1 
430,GSW,568,42,.249,1.5,13.4 
431,WAS,52,4,.167,1.0,4.9 
432,TOT,1290,61,.386,1.6,13.3 
432,GSW,827,38,.346,1.6,14.1 
432,MIL,463,23,.455,1.7,12.0 
433,MIL,1080,59,.166,1.8,17.8 
434,TOT,370,18,.192,2.5,15.0 
434,CLE,13,2,.000,4.0,0.0 
434,TOR,357,16,.202,2.4,15.7 
435,CLE,785,25,.288,2.3,15.2 
436,NOH,1706,66,.224,1.9,20.5 
437,WAS,1078,57,.284,1.9,19.7 
438,DET,180,13,.077,2.1,6.9 
439,PHI,812,51,.117,1.3,9.7 
440,MIA,1625,49,.355,2.7,11.8 
Rk,Tm,MP,G,FTr,STL%,TOV% 
441,ORL,469,33,.344,1.1,16.2 
442,NYK,620,32,.117,1.6,16.3 
443,CHA,1792,66,.278,1.8,12.1 
444,WAS,2386,66,.450,2.1,19.2 
445,DET,980,62,.547,2.6,24.2 
446,TOT,2076,58,.356,2.2,13.2 
446,POR,1503,42,.374,2.2,14.4 
446,NJN,573,16,.317,2.1,10.5 
447,TOT,364,30,.000,0.7,29.3 
447,LAL,65,9,.000,1.6,12.5 
447,CLE,299,21,.000,0.5,32.9 
448,PHO,503,35,.550,0.8,13.9 
449,NOH,98,5,1.286,2.8,26.7 
450,CHI,1159,49,.238,2.1,16.7 
451,UTA,1033,50,.288,2.7,32.0 
452,MIN,1140,47,.265,1.4,13.2 
453,IND,1925,66,.246,1.4,10.5 
454,DAL,1060,44,.194,2.9,16.3 
455,OKC,2331,66,.326,2.5,14.2 
456,CHA,1098,58,.173,0.8,10.2 
457,SAC,109,18,.444,1.4,13.4 
458,BOS,481,28,.364,1.2,19.5 
459,DET,922,60,.280,1.7,12.2 
460,NJN,1999,55,.317,1.8,16.7 
Rk,Tm,MP,G,FTr,STL%,TOV% 
461,MIN,1418,66,.392,1.1,11.7 
462,POR,149,24,.243,2.1,5.8 
463,NJN,635,43,.434,1.8,11.3 
464,PHI,1682,64,.373,1.7,7.2 
465,ATL,1500,57,.311,1.7,6.8 
466,LAC,1472,52,.131,1.9,11.7 
467,CHA,747,33,.157,1.4,10.8 
468,TOT,107,11,.591,2.0,26.5 
468,DAL,65,8,.375,0.8,27.3 
468,BOS,42,3,1.167,3.8,24.8 
469,NJN,514,25,.075,1.0,7.9 
470,NJN,1276,58,.517,2.0,21.1 
471,TOT,550,30,.232,1.9,16.5 
471,HOU,181,12,.211,1.2,13.8 
471,SAC,369,18,.241,2.2,17.5 
472,LAL,1720,64,.247,2.1,11.8 
473,DAL,791,49,.352,1.5,7.2 
474,GSW,186,24,.689,2.0,12.0 
475,GSW,1650,61,.186,1.8,8.2 
476,TOT,1729,62,.216,1.3,8.8 
476,WAS,1211,40,.220,1.3,8.3 
476,LAC,518,22,.202,1.5,10.2 
477,TOT,375,35,.205,2.4,10.4 
477,MEM,240,21,.145,2.4,9.3 
477,PHI,135,14,.318,2.4,12.2 
