Rk,Tm,MP,G,FTr,STL%,TOV% 
1,TOT,1311,75,.245,1.0,15.6 
1,MIL,159,12,.286,1.9,17.1 
1,BOS,1152,63,.240,0.8,15.4 
2,DEN,2710,81,.165,1.5,11.0 
3,TOT,269,18,.327,0.5,18.8 
3,HOU,23,6,.222,0.0,16.8 
3,WSB,246,12,.350,0.6,19.2 
4,WSB,2499,70,.333,2.0,15.5 
5,NJN,1164,68,.170,1.0,12.7 
6,DET,1056,51,.306,0.8,12.4 
7,PHO,2163,80,.199,1.5,12.5 
8,GSW,1753,72,.243,0.9,14.0 
9,NYK,44,16,.722,3.5,17.4 
10,NJN,2010,55,.273,2.4,13.8 
11,ORL,2920,79,.304,2.2,9.9 
12,PHI,1263,69,.164,1.2,9.7 
13,SAS,560,38,.151,1.3,18.2 
14,NYK,1699,70,.379,3.4,17.5 
15,CHI,2492,82,.185,1.4,8.6 
16,TOT,1129,73,.482,1.8,15.6 
16,SAC,76,9,.882,1.3,25.3 
16,SEA,1053,64,.459,1.8,14.8 
17,MIA,935,69,.188,1.7,13.8 
18,ATL,2112,73,.388,2.1,14.5 
19,UTA,306,46,.393,1.3,14.9 
20,MIL,2285,82,.214,1.2,13.8 
Rk,Tm,MP,G,FTr,STL%,TOV% 
21,BOS,97,10,.240,1.0,38.1 
22,MIN,1276,70,.318,0.8,10.6 
23,DAL,175,23,.274,2.2,19.7 
24,PHO,2859,76,.423,2.0,12.5 
25,SEA,1243,69,.124,2.5,10.4 
26,MIL,552,47,.238,3.2,15.6 
27,CLE,497,41,.360,0.9,8.7 
28,BOS,29,3,.154,1.7,12.6 
29,SAS,66,16,.444,0.0,3.0 
30,TOT,754,59,.384,2.1,19.8 
30,SEA,448,31,.411,1.9,17.9 
30,LAL,306,28,.343,2.3,22.5 
31,CHH,857,75,.158,1.7,15.2 
32,UTA,1712,82,.257,1.3,12.0 
33,NYK,1434,60,.167,0.8,10.1 
34,LAL,109,27,.190,1.8,9.9 
35,MIN,642,61,.213,1.3,15.9 
36,CHI,13,2,.000,8.0,12.5 
37,ATL,2820,80,.175,3.5,15.3 
38,CHH,2833,81,.230,2.7,16.1 
39,PHI,855,58,.150,0.8,27.0 
40,DAL,1578,74,.296,2.3,14.9 
Rk,Tm,MP,G,FTr,STL%,TOV% 
41,SAC,1764,70,.485,2.3,14.8 
42,ORL,1761,77,.148,1.5,12.2 
43,NJN,2092,79,.284,0.8,14.3 
44,CLE,1622,82,.230,2.5,13.5 
45,ATL,107,12,.161,0.9,13.1 
46,MIL,2075,66,.321,1.9,17.5 
47,DEN,571,55,.172,0.8,13.5 
48,HOU,1516,82,.351,2.6,13.9 
49,NJN,1186,77,.296,0.8,13.0 
50,BOS,2254,80,.345,3.1,14.4 
51,UTA,1551,82,.401,1.0,16.5 
52,SAC,1726,75,.323,3.0,17.8 
53,POR,1396,80,.400,1.3,13.0 
54,GSW,1287,70,.216,1.8,11.1 
55,HOU,1356,79,.150,1.1,9.8 
56,MIA,451,26,.901,1.5,20.3 
57,WSB,35,4,.385,2.8,11.6 
58,SEA,2156,82,.313,1.8,11.1 
59,DAL,885,53,.317,1.3,15.1 
60,LAL,1551,79,.392,1.9,10.2 
Rk,Tm,MP,G,FTr,STL%,TOV% 
61,NYK,1062,58,.220,1.6,10.5 
62,SAS,1947,71,.318,0.9,10.7 
63,CHI,1253,63,.286,0.8,13.8 
64,ORL,262,21,.466,0.8,22.1 
65,SAC,1211,55,.514,1.3,12.8 
66,PHO,1607,74,.390,1.6,12.0 
67,PHO,1723,73,.402,1.2,9.8 
68,WSB,1300,60,.271,1.4,10.5 
69,NJN,510,35,.290,3.2,23.9 
70,SAC,834,59,.135,1.3,13.0 
71,LAL,332,23,.623,3.3,27.0 
72,NJN,2759,76,.425,1.7,14.3 
73,MIA,2232,81,.321,1.8,12.1 
74,SAC,467,46,.474,1.3,11.9 
75,LAC,422,31,.306,3.9,23.0 
76,LAL,645,65,.222,1.4,28.5 
77,UTA,2555,82,.285,2.1,11.1 
78,TOT,105,10,.875,2.8,19.4 
78,ORL,102,9,.913,2.9,19.9 
78,WSB,3,1,.000,0.0,0.0 
79,TOT,104,12,.281,2.4,14.3 
79,CHI,34,5,.444,3.1,21.8 
79,GSW,70,7,.217,2.1,10.6 
80,UTA,243,40,.528,2.3,25.3 
Rk,Tm,MP,G,FTr,STL%,TOV% 
81,SAS,76,8,.345,0.7,5.6 
82,DAL,166,20,.878,2.0,12.3 
83,CHH,2094,80,.142,2.0,9.9 
84,SAS,1573,77,.154,1.2,12.9 
85,CLE,2691,71,.540,1.0,11.7 
86,IND,2264,82,.421,1.4,11.1 
87,NYK,815,50,.215,1.4,14.1 
88,DAL,2462,75,.326,0.7,14.0 
89,PHI,1598,74,.241,2.4,15.6 
90,MIL,1931,71,.359,1.9,11.0 
91,SAS,1526,73,.272,1.5,16.0 
92,ORL,240,21,.256,2.9,22.4 
93,LAL,2525,82,.416,2.5,18.1 
94,UTA,94,6,.643,0.5,18.2 
95,BOS,1932,79,.283,1.3,21.3 
96,IND,239,43,.259,1.0,12.2 
97,POR,1671,49,.358,2.8,10.9 
98,POR,1762,74,.253,1.2,10.2 
99,NJN,1398,71,.414,0.6,14.7 
100,DET,3094,77,.273,1.3,7.8 
Rk,Tm,MP,G,FTr,STL%,TOV% 
101,PHO,1320,48,.373,3.1,12.1 
102,GSW,78,5,.480,0.6,18.8 
103,UTA,1104,64,.385,0.8,22.1 
104,MIL,2729,82,.277,2.4,12.6 
105,LAL,617,52,.437,0.8,13.7 
106,MIA,1134,40,.305,3.0,12.5 
107,CLE,2559,82,.153,2.1,12.9 
108,POR,1757,82,.408,2.0,12.6 
109,SAS,2604,70,.367,1.3,12.5 
110,SAS,2731,82,.180,1.4,8.6 
111,DEN,2749,82,.331,1.3,12.2 
112,WSB,1701,49,.369,1.3,12.6 
113,CHI,31,6,.200,5.0,26.9 
114,NYK,3003,81,.359,1.3,12.9 
115,ATL,1736,82,.325,1.7,11.5 
116,CLE,1461,76,.246,1.0,14.0 
117,IND,1503,75,.356,2.1,15.9 
118,HOU,867,52,.334,1.9,16.3 
119,TOT,298,43,.175,0.5,16.2 
119,WSB,93,10,.120,0.0,25.5 
119,ATL,205,33,.189,0.7,13.5 
120,BOS,1082,71,.266,2.9,15.4 
Rk,Tm,MP,G,FTr,STL%,TOV% 
121,BOS,2541,82,.164,1.7,7.7 
122,HOU,1004,66,.259,2.0,14.9 
123,GSW,1248,70,.448,1.7,15.6 
124,CHH,1475,75,.440,1.6,12.3 
125,MIA,554,48,.634,1.4,16.3 
126,NJN,380,48,.178,1.3,17.6 
127,CHH,2430,69,.281,1.9,13.0 
128,PHI,1742,80,.420,1.0,14.6 
129,TOT,848,60,.115,2.0,8.9 
129,MIN,71,4,.222,2.2,14.4 
129,DET,777,56,.106,2.0,8.4 
130,CHH,251,34,.120,0.2,11.2 
131,ATL,1508,80,.234,2.8,16.3 
132,LAC,1624,74,.155,3.2,20.2 
133,PHI,996,72,.141,2.1,18.8 
134,WSB,2667,72,.261,1.3,6.6 
135,CHI,2745,77,.339,1.7,10.4 
136,GSW,1025,48,.385,1.5,11.6 
137,LAL,2819,82,.531,1.6,11.8 
138,ORL,626,52,.485,1.8,14.9 
139,IND,81,13,.073,1.2,13.7 
140,TOT,329,39,.348,0.9,16.3 
140,SAS,202,15,.306,1.2,17.8 
140,CHH,127,24,.400,0.4,14.5 
Rk,Tm,MP,G,FTr,STL%,TOV% 
141,WSB,2795,81,.248,2.4,15.5 
142,CLE,215,32,.455,2.1,13.2 
143,TOT,713,54,.281,1.2,12.0 
143,CHH,142,19,.178,0.0,5.8 
143,DEN,571,35,.307,1.5,13.4 
144,GSW,2609,66,.314,2.1,14.2 
145,DAL,2108,62,.337,1.8,11.2 
146,LAC,2970,80,.332,2.9,13.9 
147,DEN,670,76,.491,0.9,17.6 
148,PHI,2977,81,.416,2.2,11.5 
149,ATL,719,53,.220,2.1,20.7 
150,HOU,1800,81,.396,1.3,15.0 
151,SAC,1425,69,.313,1.7,10.3 
152,GSW,591,29,.219,1.1,21.4 
153,GSW,2070,74,.447,1.0,13.5 
154,DAL,1267,79,.260,1.3,16.8 
155,NJN,10,2,2.000,0.0,0.0 
156,PHI,2860,79,.233,2.2,14.0 
157,HOU,2330,79,.293,1.7,16.8 
158,GSW,1274,79,.597,1.7,17.5 
159,DAL,1295,68,.227,2.0,13.0 
160,UTA,260,49,.570,2.9,16.5 
Rk,Tm,MP,G,FTr,STL%,TOV% 
161,UTA,2034,78,.197,2.5,15.6 
162,WSB,45,4,.333,1.1,16.2 
163,DAL,1769,70,.312,1.3,19.2 
164,LAC,350,34,.211,2.6,10.8 
165,DAL,938,28,.197,2.1,18.5 
166,LAC,3117,82,.317,2.1,17.0 
167,TOT,88,10,.510,1.6,10.1 
167,SAC,79,8,.444,1.8,11.5 
167,UTA,9,2,1.000,0.0,0.0 
168,GSW,136,8,.429,1.4,12.3 
169,SAS,2030,75,.357,2.1,19.7 
170,WSB,1287,73,.313,1.4,13.2 
171,POR,356,42,.396,1.1,13.8 
172,SEA,1869,82,.259,1.0,10.8 
173,PHO,1122,77,.244,2.6,18.8 
174,PHO,1643,49,.488,2.5,18.0 
175,CHH,3323,82,.316,0.8,12.6 
176,WSB,1206,67,.603,1.5,32.3 
177,CHI,3067,78,.284,3.7,8.4 
178,PHI,106,4,.415,1.4,19.8 
179,ATL,1549,82,.630,1.8,17.2 
180,SEA,2582,78,.480,2.3,14.6 
Rk,Tm,MP,G,FTr,STL%,TOV% 
181,PHO,167,30,.646,1.2,20.6 
182,TOT,481,52,.197,1.0,16.9 
182,CLE,41,5,.200,2.5,15.5 
182,ORL,440,47,.196,0.9,17.0 
183,POR,1719,65,.285,2.3,10.4 
184,MIA,415,40,.385,0.5,12.8 
185,NYK,55,9,.242,0.9,14.1 
186,SAC,15,3,.000,3.2,0.0 
187,NJN,430,32,.322,1.3,9.4 
188,SEA,12,3,.400,0.0,33.8 
189,CHI,1059,76,.359,1.3,15.1 
190,ORL,640,64,.286,1.0,27.0 
191,BOS,1129,78,.217,0.8,11.2 
192,PHO,888,52,.271,1.2,17.1 
193,BOS,41,7,1.077,2.5,13.5 
194,ATL,1975,78,.187,1.9,15.2 
195,UTA,1362,71,.346,1.5,11.2 
196,MIN,2823,81,.521,1.9,17.4 
197,DET,1933,79,.181,1.2,8.7 
198,CLE,149,21,.370,4.1,10.0 
199,PHI,1861,73,.325,1.2,18.2 
200,NJN,33,5,.000,0.0,30.0 
Rk,Tm,MP,G,FTr,STL%,TOV% 
201,TOT,635,33,.295,1.8,9.3 
201,UTA,5,3,.000,0.0,0.0 
201,DAL,630,30,.298,1.8,9.4 
202,SAC,881,73,.193,2.2,14.6 
203,BOS,3144,80,.267,1.9,7.8 
204,DEN,1585,78,.252,1.9,10.3 
205,DEN,752,48,.370,1.8,13.2 
206,GSW,174,20,.310,0.0,27.4 
207,MIL,1766,80,.164,1.3,12.4 
208,MIA,2728,76,.403,1.9,11.8 
209,MIN,1045,55,.253,2.3,21.3 
210,CHH,324,40,.644,1.6,24.1 
211,SAS,267,40,.492,2.6,13.3 
212,WSB,674,62,.307,0.8,9.3 
213,DEN,1141,48,.157,2.9,15.0 
214,NJN,1077,74,.514,0.9,18.1 
215,PHO,3199,82,.238,2.1,9.9 
216,UTA,2558,79,.230,0.8,8.6 
217,UTA,3099,82,.579,2.0,11.7 
218,MIL,104,11,.738,0.5,15.2 
219,LAC,2761,79,.351,1.9,12.6 
220,GSW,836,30,.649,2.9,15.3 
Rk,Tm,MP,G,FTr,STL%,TOV% 
221,NYK,2482,81,.464,0.9,15.3 
222,MIN,520,43,.414,1.1,16.0 
223,HOU,2251,71,.266,1.9,12.7 
224,MIL,1503,82,.181,2.0,17.3 
225,ATL,787,49,.265,1.3,12.9 
226,MIN,1536,79,.371,1.7,14.2 
227,IND,1500,78,.194,1.8,15.8 
228,CHI,1019,64,.255,0.6,18.9 
229,BOS,2215,82,.261,1.6,14.2 
230,BOS,1656,71,.300,0.5,11.1 
231,SEA,2439,77,.381,2.2,14.3 
232,SEA,1977,73,.292,4.4,21.2 
233,PHO,1069,56,.392,1.7,26.5 
234,IND,2954,82,.407,2.0,9.3 
235,DET,2183,81,.237,1.0,10.7 
236,MIA,1383,73,.348,1.2,11.5 
237,IND,1402,81,.383,0.8,8.3 
238,DAL,510,39,.245,2.0,10.4 
239,NJN,2302,77,.273,3.1,10.5 
240,DET,102,25,.070,1.5,12.0 
Rk,Tm,MP,G,FTr,STL%,TOV% 
241,CHH,2644,78,.567,0.5,14.4 
242,GSW,1902,46,.243,1.7,11.9 
243,MIL,2437,79,.316,3.6,16.3 
244,POR,495,48,.154,0.8,10.0 
245,PHO,336,32,.408,2.0,12.5 
246,DEN,3029,82,.630,0.7,17.8 
247,CLE,2753,77,.254,1.0,9.0 
248,TOT,308,41,.174,1.9,8.6 
248,GSW,229,30,.217,1.9,9.0 
248,CHI,79,11,.087,2.0,7.7 
249,DET,311,33,.531,3.8,18.7 
250,CHH,1471,64,.449,1.5,12.3 
251,LAC,2477,76,.226,1.2,10.4 
252,ORL,3071,81,.553,1.0,15.9 
253,TOT,17,6,.800,2.9,0.0 
253,NJN,10,3,.000,0.0,0.0 
253,MIL,7,3,2.000,7.1,0.0 
254,NYK,2230,82,.408,1.9,19.6 
255,TOT,29,6,.308,1.7,16.9 
255,MIL,26,3,.222,1.9,23.3 
255,WSB,3,3,.500,0.0,0.0 
256,HOU,3242,82,.356,2.4,12.4 
257,SAS,39,4,.400,1.3,40.5 
258,WSB,990,45,.251,1.5,16.7 
259,GSW,1201,37,.371,1.4,15.6 
260,DEN,1579,77,.513,2.5,19.9 
Rk,Tm,MP,G,FTr,STL%,TOV% 
261,SEA,307,41,.132,2.3,8.7 
262,DAL,124,20,.158,0.4,14.1 
263,BOS,2146,79,.302,1.3,12.0 
264,CHI,1030,59,.086,1.9,11.4 
265,PHI,154,13,.044,1.6,7.1 
266,SEA,2548,82,.204,3.5,12.4 
267,LAL,1656,77,.325,1.8,14.5 
268,CHI,998,72,.451,1.1,20.1 
269,TOT,2351,79,.382,1.3,10.4 
269,LAL,1589,49,.421,1.3,10.8 
269,SEA,762,30,.305,1.3,9.4 
270,PHI,2104,81,.338,0.9,14.9 
271,MIN,2985,78,.135,1.1,14.2 
272,NJN,2660,70,.319,1.8,13.6 
273,CLE,139,31,.305,3.6,16.2 
274,SEA,2218,77,.329,2.3,11.5 
275,BOS,151,7,.542,1.3,21.2 
276,CHI,3123,81,.264,2.9,14.2 
277,DEN,737,60,.417,0.9,22.4 
278,DET,1299,67,.331,1.2,9.9 
279,POR,2883,81,.350,1.7,13.5 
280,GSW,268,18,.409,2.0,22.8 
Rk,Tm,MP,G,FTr,STL%,TOV% 
281,WSB,859,68,.244,3.2,21.6 
282,CLE,2380,75,.309,1.9,14.9 
283,MIL,37,8,.167,2.7,20.6 
284,TOT,822,72,.504,2.5,21.0 
284,PHO,41,5,.286,3.5,43.2 
284,SAC,781,67,.516,2.4,19.4 
285,TOT,248,37,.325,0.8,15.7 
285,MIN,8,2,.000,0.0,50.0 
285,DET,240,35,.329,0.9,15.0 
286,ATL,283,22,.163,0.9,12.3 
287,TOT,1887,83,.471,1.2,14.8 
287,CHH,295,17,.592,1.8,16.3 
287,SAS,1592,66,.447,1.1,14.5 
288,MIA,3082,82,.223,1.5,9.7 
289,IND,2396,74,.176,2.0,18.1 
290,SAC,1728,45,.298,1.5,12.8 
291,NYK,1886,77,.328,3.3,16.8 
292,MIL,1488,79,.395,1.9,11.8 
293,LAC,1816,77,.346,0.9,12.9 
294,TOT,2006,69,.237,3.9,18.3 
294,MIL,1065,39,.241,4.2,19.4 
294,DET,941,30,.233,3.6,16.9 
295,POR,2575,82,.311,1.8,10.2 
296,SAS,3211,82,.568,2.0,12.5 
297,WSB,33,4,.313,1.5,5.2 
298,NJN,1585,80,.306,3.0,16.2 
299,DET,2410,62,.380,1.0,17.1 
300,HOU,247,42,.293,1.2,16.3 
Rk,Tm,MP,G,FTr,STL%,TOV% 
301,DAL,2087,72,.521,0.9,14.8 
302,ORL,1636,77,.997,1.1,16.7 
303,POR,95,15,.389,0.5,20.7 
304,DET,55,11,.364,1.9,32.0 
305,MIA,1422,51,.469,1.1,21.4 
306,ATL,120,9,.320,3.3,27.8 
307,CLE,1189,53,.197,1.7,11.7 
308,MIL,1124,70,.521,1.6,16.7 
309,SEA,166,29,.500,1.8,7.9 
310,NJN,35,5,.429,2.9,0.0 
311,IND,3098,82,.602,1.3,15.0 
312,LAL,1677,58,.279,1.6,8.6 
313,ORL,1759,54,.153,1.6,11.3 
314,IND,672,58,.232,2.7,14.2 
315,MIA,2456,72,.622,0.8,15.5 
316,MIN,533,54,.300,0.6,15.5 
317,PHI,568,48,.299,1.1,16.2 
318,MIA,1603,68,.156,1.5,15.2 
319,SAC,2502,69,.345,1.8,13.9 
320,ORL,3086,78,.364,1.4,20.5 
Rk,Tm,MP,G,FTr,STL%,TOV% 
321,NYK,2172,81,.480,1.1,14.3 
322,MIN,1266,80,.415,1.9,16.6 
323,DAL,1524,61,.111,1.5,14.1 
324,HOU,2422,82,.298,1.7,16.2 
325,WSB,1546,69,.223,1.8,14.1 
326,SAS,833,66,.253,1.4,28.7 
327,POR,68,23,.519,2.9,10.8 
328,MIA,1610,48,.318,1.6,15.5 
329,LAL,752,55,.298,3.3,11.4 
330,IND,2072,81,.224,0.7,11.6 
331,TOT,422,20,.331,1.9,12.2 
331,ATL,15,3,.000,6.6,40.0 
331,GSW,407,17,.338,1.8,11.6 
332,LAC,280,44,.390,1.4,21.3 
333,MIN,1296,71,.562,0.9,19.9 
334,GSW,2741,77,.292,2.2,15.7 
335,NYK,2477,80,.276,1.9,11.4 
336,GSW,6,2,.000,0.0,0.0 
337,WSB,1823,81,.449,1.3,18.5 
338,DEN,865,39,.428,1.3,11.8 
339,TOT,76,19,.103,1.3,14.7 
339,PHO,35,10,.000,1.4,21.7 
339,LAC,1,1,.000,0.0,0.0 
339,MIL,25,3,.364,2.0,13.6 
339,ATL,15,5,.000,0.0,0.0 
340,UTA,2863,82,.408,3.5,20.1 
Rk,Tm,MP,G,FTr,STL%,TOV% 
341,POR,2474,78,.467,2.6,16.8 
342,MIL,339,23,.924,1.6,9.1 
343,DAL,138,9,.164,2.8,18.7 
344,HOU,25,2,.286,0.0,11.3 
345,DET,2922,79,.300,2.2,16.6 
346,IND,730,63,.183,2.0,17.0 
347,HOU,2357,72,.371,0.9,15.8 
348,LAL,2893,82,.209,2.4,13.4 
349,SAC,2283,76,.216,1.1,9.1 
350,ORL,1838,72,.370,0.9,19.0 
351,CHI,909,69,.075,1.4,5.6 
352,ORL,1479,75,.160,0.6,12.4 
353,LAC,494,41,.325,1.3,7.9 
354,LAC,1653,79,.252,1.6,10.8 
355,MIN,89,13,.150,1.1,4.5 
356,TOT,511,37,.271,3.3,18.9 
356,DET,144,9,.316,3.6,37.5 
356,CHI,367,28,.260,3.3,12.3 
357,LAC,28,4,.000,1.7,28.6 
358,PHI,2654,82,.387,1.6,12.5 
359,BOS,51,9,.840,1.0,12.7 
360,SAC,2335,69,.416,2.1,17.2 
Rk,Tm,MP,G,FTr,STL%,TOV% 
361,DEN,149,28,.525,1.9,14.2 
362,MIN,3104,80,.237,1.4,10.7 
363,PHO,1558,82,.582,0.5,20.6 
364,DAL,1433,64,.341,2.1,14.8 
365,TOT,995,58,.102,3.2,23.2 
365,ATL,354,25,.099,3.6,25.5 
365,DAL,641,33,.104,2.9,22.0 
366,ATL,2647,71,.396,1.3,9.0 
367,PHI,192,26,.804,1.8,11.5 
368,CLE,2079,80,.227,1.9,9.7 
369,POR,2498,82,.405,1.6,14.0 
370,CHI,242,35,.259,0.9,10.4 
371,NYK,571,55,.120,1.9,10.7 
372,CLE,2055,67,.529,1.2,14.4 
373,NJN,139,12,.391,1.4,12.9 
374,LAC,1638,74,.270,2.5,12.9 
375,IND,844,57,.241,1.2,8.2 
376,TOT,179,27,.194,1.4,17.0 
376,CHH,18,2,.000,0.0,40.0 
376,ORL,10,3,.000,5.0,0.0 
376,BOS,151,22,.226,1.3,15.0 
377,MIN,2661,76,.584,3.2,18.6 
378,DEN,2722,79,.254,2.2,13.0 
379,CHI,1369,71,.354,2.1,15.1 
380,SAC,1673,59,.367,1.9,15.8 
Rk,Tm,MP,G,FTr,STL%,TOV% 
381,ATL,2878,80,.246,1.2,13.6 
382,HOU,340,39,.158,1.5,9.2 
383,CHH,1471,72,.318,2.1,18.9 
384,TOT,165,23,.364,2.1,12.1 
384,BOS,9,2,2.000,0.0,51.5 
384,POR,156,21,.326,2.2,9.2 
385,SAS,598,64,.470,1.1,17.0 
386,LAC,174,41,.394,3.9,17.1 
387,TOT,1555,58,.295,0.9,10.5 
387,DET,1477,50,.297,0.9,10.2 
387,MIL,78,8,.273,0.6,14.0 
388,LAL,2359,82,.185,1.9,10.0 
389,ORL,10,4,.400,0.0,0.0 
