Rk,Tm,MP,G,FTr,STL%,TOV% 
1,SAC,1961,72,.440,1.3,12.5 
2,DET,35,5,.000,1.6,20.0 
3,CHI,701,54,.154,1.0,11.4 
4,SEA,3022,78,.239,1.8,10.2 
5,BOS,978,51,.489,2.7,16.8 
6,HOU,2431,63,.194,2.3,16.4 
7,NOK,570,32,1.051,0.8,15.4 
8,CHA,564,36,.227,1.0,13.9 
9,TOT,1047,43,.366,1.2,13.3 
9,HOU,582,20,.422,1.4,15.3 
9,MIA,465,23,.292,0.9,10.4 
10,MIA,638,48,.143,1.4,15.2 
11,CLE,9,6,.000,11.9,0.0 
12,DEN,2941,80,.451,1.5,10.4 
13,TOR,601,52,.193,2.1,21.1 
14,WAS,3384,80,.479,2.5,12.8 
15,TOT,999,57,.562,3.0,18.0 
15,NYK,709,36,.527,3.2,20.4 
15,ORL,290,21,.625,2.6,13.6 
16,DAL,622,62,.328,2.4,28.4 
17,TOT,1194,77,.362,1.7,15.9 
17,DET,600,50,.369,1.8,19.8 
17,ORL,594,27,.357,1.7,12.9 
18,TOT,1713,71,.284,1.4,11.9 
18,WAS,552,28,.178,1.3,13.8 
18,MEM,1161,43,.331,1.4,11.1 
19,ORL,385,36,.411,1.7,11.3 
20,LAC,85,8,1.200,2.5,28.2 
Rk,Tm,MP,G,FTr,STL%,TOV% 
21,TOT,1497,58,.314,1.9,18.3 
21,BOS,269,18,.375,1.4,19.8 
21,MIN,1228,40,.302,2.1,17.9 
22,PHO,1592,57,.259,1.5,12.3 
23,TOT,631,56,.336,1.6,15.7 
23,NYK,93,6,.133,2.3,15.9 
23,PHI,538,50,.391,1.5,15.7 
24,TOT,282,19,.115,1.9,12.1 
24,PHO,21,2,.429,0.0,10.7 
24,TOR,261,17,.093,2.0,12.2 
25,MIA,45,8,.250,0.0,22.0 
26,SAS,1259,74,.171,1.7,12.3 
27,HOU,342,20,.446,2.1,22.1 
28,CHI,141,19,.270,3.3,17.9 
29,NOK,268,29,.271,0.6,12.3 
30,ATL,495,57,.663,1.6,26.9 
31,ORL,2215,82,.243,1.1,12.6 
32,MEM,2839,81,.335,1.8,11.2 
33,TOT,400,41,.337,1.5,14.3 
33,HOU,281,23,.264,1.7,13.9 
33,CHA,119,18,.500,0.9,15.2 
34,MIL,1283,59,.217,2.4,8.4 
35,PHO,2959,79,.157,1.3,8.2 
36,IND,21,2,.400,0.0,0.0 
37,SAC,3167,82,.292,1.4,11.3 
38,GSW,1000,68,.389,1.2,13.6 
39,DET,2925,81,.514,1.3,12.0 
40,POR,1781,68,.194,1.3,14.0 
Rk,Tm,MP,G,FTr,STL%,TOV% 
41,WAS,175,29,.179,1.5,14.2 
42,TOT,2240,81,.302,1.0,18.9 
42,BOS,1083,39,.334,0.7,21.6 
42,MIN,1157,42,.268,1.2,15.8 
43,TOT,1912,72,.342,2.0,12.6 
43,CHA,848,39,.365,2.4,10.9 
43,HOU,1064,33,.316,1.6,14.4 
44,MIL,2348,82,.320,1.1,15.3 
45,TOR,1710,78,.163,1.5,6.0 
46,WAS,250,33,.191,1.9,13.6 
47,UTA,1025,33,.343,1.6,13.1 
48,TOR,2751,70,.534,1.0,10.5 
49,SAS,2755,82,.157,1.6,10.5 
50,HOU,652,68,.113,1.8,9.1 
51,DEN,1542,60,.263,1.6,10.1 
52,PHI,367,46,.038,0.7,19.1 
53,LAC,3099,79,.396,1.4,9.3 
54,CHA,2165,79,.283,0.5,8.7 
55,UTA,1711,81,.402,1.4,13.8 
56,LAL,1978,72,.606,0.7,16.9 
57,NOK,2380,75,.288,1.0,12.0 
58,TOT,246,27,.222,1.8,27.1 
58,SEA,31,4,.000,0.0,27.3 
58,HOU,215,23,.261,2.0,27.0 
59,LAL,3277,80,.377,2.4,9.0 
60,DEN,1758,73,.132,2.5,10.5 
Rk,Tm,MP,G,FTr,STL%,TOV% 
61,PHO,346,42,.165,0.9,19.5 
62,MEM,570,57,.160,2.0,18.9 
63,CHA,340,39,.193,3.9,20.8 
64,WAS,2708,75,.306,2.4,12.4 
65,NYK,740,55,.358,1.2,19.9 
66,NOK,1875,79,.180,0.9,8.7 
67,LAL,338,46,.329,0.6,15.3 
68,GSW,162,15,.308,2.2,19.2 
69,GSW,505,61,.483,1.3,14.2 
70,TOR,1487,64,.295,1.5,22.3 
71,DEN,1857,56,.240,2.2,11.4 
72,MEM,402,36,.243,3.2,18.0 
73,CHA,1275,78,.353,1.9,8.0 
74,MIN,589,45,.401,2.2,19.9 
75,NJN,2906,79,.396,1.7,10.7 
76,LAC,2653,78,.301,1.5,12.2 
77,TOT,333,27,.417,1.0,15.3 
77,ORL,299,23,.486,1.1,15.5 
77,DET,34,4,.000,0.0,14.3 
78,CHI,2121,79,.682,1.0,25.1 
79,GSW,448,42,.074,1.5,13.2 
80,ATL,2249,74,.399,2.0,14.6 
Rk,Tm,MP,G,FTr,STL%,TOV% 
81,DAL,185,7,.462,2.7,16.1 
82,NOK,2019,71,.435,2.9,14.9 
83,SEA,230,27,.338,0.7,14.7 
84,UTA,1730,79,.782,1.1,13.9 
85,NJN,1895,71,.328,1.3,16.9 
86,SEA,1448,66,.287,0.8,14.8 
87,LAL,1535,81,.198,1.3,9.9 
88,NYK,2555,79,.406,1.8,14.4 
89,IND,1148,50,.358,1.0,12.7 
90,NYK,1865,72,.814,0.8,18.1 
91,PHI,1761,66,.358,1.0,20.0 
92,DAL,1934,82,.620,0.8,20.7 
93,WAS,2283,80,.611,1.2,11.3 
94,DAL,1766,62,.357,2.1,14.4 
95,TOT,940,44,.426,1.3,18.4 
95,NYK,749,36,.384,1.4,18.8 
95,TOR,191,8,.645,0.8,16.7 
96,GSW,1971,54,.336,2.3,13.9 
97,DET,178,28,.625,0.0,11.6 
98,TOT,17,6,.429,6.0,10.7 
98,MIL,12,4,.000,4.4,20.0 
98,HOU,0,1,0.0,0.0,0.0 
98,PHO,5,1,1.000,10.0,0.0 
99,TOT,3207,78,.265,1.5,12.8 
99,BOS,1747,42,.231,1.5,12.8 
99,MIN,1460,36,.304,1.6,12.7 
100,DET,726,68,.296,1.6,12.4 
Rk,Tm,MP,G,FTr,STL%,TOV% 
101,TOT,385,24,.168,1.9,9.9 
101,ATL,7,1,2.000,0.0,0.0 
101,DET,378,23,.156,1.9,10.0 
102,CHI,2604,78,.289,1.4,8.9 
103,PHO,2874,81,.279,1.0,16.5 
104,BOS,234,19,.391,2.4,25.0 
105,ORL,246,23,.087,1.5,12.2 
106,GSW,1031,69,.503,0.7,16.1 
107,DAL,1510,81,.468,1.6,16.2 
108,POR,1920,76,.236,1.7,11.1 
109,MIA,371,31,.341,1.4,12.2 
110,ORL,1137,50,.299,2.3,15.2 
111,CHI,2155,74,.266,1.7,16.3 
112,SAS,2784,80,.450,1.4,12.2 
113,GSW,2578,81,.309,1.2,11.5 
114,MIN,265,36,.651,2.4,14.7 
115,ATL,296,40,.172,0.5,14.8 
116,TOT,394,32,.233,1.4,15.6 
116,LAC,112,13,.000,1.4,15.0 
116,DEN,282,19,.279,1.4,15.7 
117,GSW,886,49,.186,1.9,14.4 
118,DEN,1579,72,.261,1.7,17.0 
119,CHA,1348,57,.452,1.1,16.4 
120,DET,1139,80,.191,2.0,9.5 
Rk,Tm,MP,G,FTr,STL%,TOV% 
121,TOT,1393,67,.810,1.5,19.0 
121,SEA,788,41,.694,1.6,15.4 
121,DEN,605,26,1.021,1.4,24.2 
122,LAC,971,66,.180,2.0,17.2 
123,SEA,82,12,.320,1.3,21.9 
124,CHA,2406,80,.251,2.2,15.7 
125,SAS,2038,77,.165,1.0,7.7 
126,GSW,2589,82,.330,2.5,13.3 
127,MIA,239,18,.258,1.5,13.1 
128,NOK,39,3,.118,0.0,10.1 
129,PHO,13,3,.000,0.0,40.0 
130,MIL,2557,72,.314,2.1,19.6 
131,SEA,276,23,.843,0.8,27.1 
132,IND,1581,63,.636,1.4,16.7 
133,GSW,1824,77,.223,1.2,19.5 
134,TOT,342,33,.100,0.6,7.1 
134,MIN,225,25,.077,0.7,5.6 
134,HOU,117,8,.143,0.5,9.7 
135,TOT,2393,70,.522,1.7,18.5 
135,ORL,1734,46,.504,1.6,18.2 
135,NYK,659,24,.574,1.8,19.6 
136,NYK,1572,65,.358,1.0,11.6 
137,MIL,885,74,.288,1.5,9.1 
138,PHI,5,2,0.0,0.0,0.0 
139,MIL,54,12,.333,1.0,6.8 
140,SAC,1301,67,.311,1.6,16.9 
Rk,Tm,MP,G,FTr,STL%,TOV% 
141,MIN,2957,76,.411,1.9,11.3 
142,ORL,938,57,.153,0.7,12.8 
143,MEM,3135,80,.517,0.8,13.8 
144,LAL,1542,71,.202,2.3,10.4 
145,IND,122,41,.511,4.8,14.0 
146,SAS,1813,65,.538,3.0,12.8 
147,UTA,956,37,.149,0.9,13.4 
148,LAC,22,3,.000,0.0,12.5 
149,BOS,1376,61,.420,1.3,11.6 
150,CLE,2174,79,.396,1.3,12.2 
151,CHI,2482,80,.233,1.6,12.4 
152,TOR,1581,80,.321,1.2,16.3 
153,TOT,175,22,.278,1.5,17.7 
153,HOU,38,6,.250,2.9,22.0 
153,CHI,20,3,.400,0.0,14.5 
153,CLE,117,13,.273,1.4,15.9 
154,IND,1765,78,.310,1.8,12.8 
155,PHO,248,21,.123,1.0,9.3 
156,LAL,135,27,.750,1.2,11.8 
157,BOS,374,32,.268,1.8,12.5 
158,PHI,153,10,.076,0.7,15.0 
159,BOS,1235,80,.269,3.2,27.8 
160,DAL,1245,52,.260,2.2,14.6 
Rk,Tm,MP,G,FTr,STL%,TOV% 
161,MIN,1359,70,.200,0.5,9.7 
162,ATL,108,12,.368,3.4,16.9 
163,DET,2825,80,.229,1.0,10.6 
164,TOT,49,12,1.286,4.3,21.5 
164,CLE,46,11,1.231,3.5,23.0 
164,PHI,3,1,2.000,17.3,0.0 
165,NYK,72,4,.143,1.5,28.7 
166,UTA,1944,71,.462,1.7,11.8 
167,ATL,2782,76,.287,1.6,12.4 
168,CHI,824,72,.451,0.4,15.7 
169,DAL,1275,56,.583,2.3,14.2 
170,IND,1034,67,.592,1.2,17.6 
171,SAC,818,66,.253,2.0,14.9 
172,MIA,2491,81,.337,1.1,10.5 
173,MIN,2514,77,.286,0.9,15.2 
174,HOU,535,40,.429,2.6,8.8 
175,WAS,516,21,.164,1.6,10.1 
176,WAS,1879,79,.519,0.8,15.5 
177,HOU,2310,80,.195,2.1,14.8 
178,CLE,531,51,.538,0.9,16.3 
179,DEN,3,1,.000,0.0,66.7 
180,ORL,613,21,.420,2.1,10.8 
Rk,Tm,MP,G,FTr,STL%,TOV% 
181,CHI,2955,81,.291,1.6,13.4 
182,DEN,33,14,.615,3.1,32.6 
183,CHI,11,4,.000,0.0,0.0 
184,SAS,1182,63,.233,2.0,11.3 
185,PHO,1421,81,.054,1.5,8.9 
186,ORL,3021,82,.679,1.2,15.9 
187,DAL,1915,59,.359,1.9,8.4 
188,HOU,2537,80,.222,1.1,12.4 
189,MIN,800,36,.156,0.8,10.1 
190,CLE,1281,36,.412,2.2,15.2 
191,UTA,619,62,.320,2.0,11.8 
192,DET,353,30,.040,3.0,16.4 
193,PHI,1312,69,.474,0.5,15.4 
194,PHI,3086,82,.507,2.3,15.4 
195,CLE,2283,78,.427,0.9,12.8 
196,DAL,237,43,.333,1.4,18.9 
197,PHI,3103,72,.455,2.3,10.2 
198,ATL,978,73,.125,1.3,7.6 
199,POR,1599,79,.374,1.4,17.0 
200,MEM,1775,71,.195,1.9,11.1 
Rk,Tm,MP,G,FTr,STL%,TOV% 
201,MIL,202,30,.538,1.0,28.8 
202,TOT,512,40,.081,1.2,17.4 
202,PHO,420,27,.101,1.2,18.2 
202,LAL,92,13,.000,1.1,13.9 
203,CLE,315,36,.388,1.9,23.8 
204,TOT,1027,64,.222,0.7,13.8 
204,NJN,433,37,.324,0.6,14.2 
204,NOK,594,27,.154,0.7,13.6 
205,IND,2910,81,.297,1.9,13.5 
206,NYK,406,45,.331,0.4,26.9 
207,CLE,3361,79,.447,2.0,10.7 
208,TOR,2925,79,.275,1.3,13.0 
209,WAS,3288,82,.199,1.4,7.8 
210,MIN,2102,75,.244,2.8,16.8 
211,IND,1557,75,.310,1.4,19.2 
212,BOS,1062,59,.354,1.5,12.4 
213,NJN,3059,78,.577,1.0,12.1 
214,WAS,1951,77,.405,1.5,16.8 
215,DET,39,3,.400,0.0,25.4 
216,IND,1981,75,.234,1.7,14.7 
217,DEN,924,58,.137,1.4,12.4 
218,MIL,81,18,.118,0.6,21.9 
219,ATL,3340,82,.237,1.6,14.8 
220,TOT,524,36,.181,1.2,14.8 
220,NJN,35,9,.400,3.1,25.4 
220,NOK,489,27,.165,1.1,13.9 
Rk,Tm,MP,G,FTr,STL%,TOV% 
221,MEM,967,71,.354,2.2,14.1 
222,CLE,2089,82,.102,0.9,9.7 
223,BOS,87,14,1.300,0.6,16.0 
224,MEM,2437,75,.298,3.0,10.2 
225,IND,1837,68,.286,1.6,14.5 
226,PHO,1772,75,.208,1.1,5.2 
227,CHA,2089,76,.164,1.7,8.6 
228,LAC,2560,78,.357,0.9,17.7 
229,MIA,665,51,.186,0.6,9.5 
230,ORL,213,28,.333,0.5,15.9 
231,POR,1492,69,.325,1.8,17.7 
232,NJN,2975,80,.270,2.7,15.9 
233,UTA,2604,69,.678,2.1,17.6 
234,DEN,519,61,.468,1.0,7.1 
235,CHA,2351,69,.407,3.4,15.3 
236,LAC,127,24,.333,1.2,14.9 
237,PHI,2563,82,.156,1.3,10.8 
238,NJN,2469,80,.301,0.7,11.8 
239,MIL,1018,65,.188,1.7,17.0 
240,BOS,2033,82,.136,0.7,10.0 
Rk,Tm,MP,G,FTr,STL%,TOV% 
241,TOT,28,6,.182,0.0,20.2 
241,NOK,16,2,.000,0.0,20.0 
241,HOU,12,4,.286,0.0,20.2 
242,NYK,1129,67,.535,1.4,15.2 
243,TOT,458,26,.162,2.4,13.2 
243,DEN,238,12,.126,1.7,9.2 
243,POR,220,14,.205,3.2,17.3 
244,SEA,2876,78,.372,1.9,9.5 
245,CHI,22,5,.000,2.3,33.3 
246,LAC,1525,61,.221,1.6,22.5 
247,HOU,107,13,.000,2.5,16.3 
248,ATL,1234,51,.330,1.1,13.5 
249,NOK,135,19,.366,2.8,14.4 
250,MIN,676,62,.712,1.8,23.1 
251,LAC,943,32,.683,1.1,13.8 
252,MIL,2465,82,.541,0.6,17.9 
253,NYK,2193,60,.421,1.5,14.6 
254,PHO,3263,81,.218,2.5,7.7 
255,SAS,181,25,.169,1.5,8.4 
256,CLE,2077,81,.183,1.5,11.0 
257,DAL,241,23,.483,1.8,17.1 
258,TOR,339,40,.247,2.6,12.2 
259,DEN,1546,56,.283,1.4,9.6 
260,SAC,1913,72,.407,1.5,11.2 
Rk,Tm,MP,G,FTr,STL%,TOV% 
261,NOK,2102,70,.438,1.1,12.1 
262,DET,159,26,.778,1.4,13.2 
263,CHA,398,23,.374,2.2,14.2 
264,MIN,1362,79,.198,1.7,12.9 
265,LAC,353,36,.212,1.2,14.9 
266,DET,1733,82,.218,1.5,11.0 
267,HOU,1745,47,.336,1.8,9.4 
268,NJN,486,28,.203,1.2,15.7 
269,LAL,121,14,.167,2.2,13.4 
270,UTA,1232,66,.391,1.9,16.0 
271,LAL,6,2,.000,0.0,0.0 
272,LAL,1541,59,.438,0.5,13.2 
273,GSW,118,19,.222,1.7,35.8 
274,UTA,203,23,.316,1.9,9.4 
275,POR,1286,40,.320,1.8,14.5 
276,TOT,767,55,.214,1.0,16.6 
276,DET,140,25,.242,1.2,29.1 
276,ORL,627,30,.209,1.0,14.1 
277,DEN,2937,82,.486,1.8,19.5 
278,SAC,2923,79,.385,1.1,14.9 
279,MEM,2268,74,.276,1.3,14.1 
280,HOU,1949,57,.439,0.8,12.0 
Rk,Tm,MP,G,FTr,STL%,TOV% 
281,LAC,2979,79,.271,1.6,11.4 
282,SAS,1389,80,.382,0.8,17.1 
283,TOT,343,26,.161,1.1,11.4 
283,POR,336,23,.141,1.0,11.7 
283,SAC,7,3,1.000,7.5,0.0 
284,SEA,583,47,.500,0.6,20.9 
285,ORL,192,22,.061,1.7,12.2 
286,MIA,1302,65,.711,0.5,16.0 
287,GSW,2516,74,.381,1.0,9.9 
288,NJN,576,57,.221,1.6,10.0 
289,TOT,2112,76,.315,1.7,13.4 
289,SEA,1085,48,.306,1.4,13.4 
289,CLE,1027,28,.328,2.0,13.4 
290,HOU,955,64,.958,1.0,20.6 
291,LAC,152,23,.170,0.7,9.5 
292,TOT,502,36,.282,1.7,12.0 
292,NOK,405,25,.290,1.7,12.5 
292,NJN,97,11,.250,1.7,10.1 
293,PHI,237,22,.188,1.7,10.4 
294,DEN,1449,64,.379,1.9,13.3 
295,PHO,2796,79,.264,1.1,19.0 
296,ORL,1784,62,.252,2.1,15.6 
297,SAS,1515,80,.090,0.8,13.2 
298,CLE,353,36,.281,0.8,15.8 
299,CHI,2239,82,.291,0.9,11.3 
300,TOT,424,45,.375,2.6,20.2 
300,HOU,241,29,.262,3.2,18.1 
300,NOK,183,16,.532,1.8,22.7 
Rk,Tm,MP,G,FTr,STL%,TOV% 
301,DAL,3089,81,.382,1.0,7.9 
302,IND,1802,51,.457,0.8,13.5 
303,MIA,1806,59,.589,0.7,14.3 
304,SAS,490,59,.290,1.0,21.1 
305,LAL,3221,80,.338,1.2,16.7 
306,CHA,874,26,.396,1.3,12.5 
307,UTA,2945,82,.402,0.7,10.9 
308,PHI,1069,70,.282,1.6,12.9 
309,TOT,919,48,.196,1.3,17.4 
309,MIN,752,32,.200,1.4,16.2 
309,BOS,167,16,.178,0.9,22.4 
310,UTA,807,60,.387,0.4,24.1 
311,ORL,355,32,.138,1.5,21.7 
312,POR,1153,69,.242,1.5,8.3 
313,UTA,210,23,.243,1.3,13.7 
314,ATL,2452,78,.593,1.9,17.3 
315,NJN,718,62,.169,2.1,8.9 
316,UTA,1376,71,.372,1.9,19.0 
317,CHI,646,57,.072,1.9,16.8 
318,LAL,2773,82,.231,2.7,14.6 
319,SAS,2715,80,.315,1.7,16.1 
320,TOT,1792,71,.532,2.3,16.1 
320,POR,1056,45,.596,2.2,14.6 
320,DEN,736,26,.438,2.4,18.2 
Rk,Tm,MP,G,FTr,STL%,TOV% 
321,NOK,2808,78,.491,3.4,13.7 
322,CLE,813,53,.231,1.2,15.2 
323,MIA,2305,81,.230,1.6,14.5 
324,BOS,1332,68,.489,0.8,24.9 
325,TOR,3140,82,.268,1.7,9.3 
326,SEA,1282,68,.250,1.0,15.3 
327,CHI,228,29,.082,1.4,14.8 
328,BOS,3084,79,.555,1.8,13.0 
329,GSW,1179,52,.342,1.4,14.0 
330,NJN,596,56,.361,1.8,16.9 
331,DAL,18,1,3.000,0.0,30.1 
332,IND,771,45,.247,2.6,13.2 
333,MIA,1914,67,.154,1.5,12.1 
334,TOT,353,33,.239,0.3,16.9 
334,SEA,321,24,.266,0.3,16.4 
334,SAC,32,9,.000,0.0,22.2 
335,DAL,429,37,.556,0.9,17.9 
336,SAC,150,29,.207,2.1,13.6 
337,DET,2898,82,.238,1.2,7.6 
338,LAL,279,25,.286,2.1,20.2 
339,POR,1395,56,.644,0.8,19.9 
340,TOT,1974,77,.177,1.6,11.8 
340,SEA,1089,47,.161,1.5,11.4 
340,LAC,885,30,.201,1.7,12.4 
Rk,Tm,MP,G,FTr,STL%,TOV% 
341,PHI,487,57,.732,2.0,14.1 
342,POR,2545,74,.279,1.2,10.7 
343,POR,1301,55,.439,0.8,17.2 
344,LAC,412,29,.427,0.6,17.4 
345,MIL,3130,80,.377,1.6,8.8 
346,TOT,997,72,.407,1.2,13.0 
346,BOS,291,32,.541,0.9,14.1 
346,MIN,706,40,.362,1.4,12.6 
347,GSW,2877,75,.285,1.7,9.4 
348,NYK,1442,55,.198,1.4,10.1 
349,SEA,2625,79,.284,2.5,15.3 
350,MEM,88,16,.065,0.6,8.6 
351,MEM,181,33,.523,2.5,8.5 
352,CHA,1303,66,.367,3.2,14.9 
353,NJN,1863,80,.154,1.3,10.2 
354,NYK,1544,72,.358,2.0,14.8 
355,TOT,1983,72,.464,0.8,12.2 
355,TOR,1236,46,.487,0.9,10.7 
355,NYK,747,26,.423,0.7,15.0 
356,NYK,1119,72,.488,2.0,19.0 
357,LAC,1515,67,.244,1.8,12.1 
358,WAS,1010,76,.961,1.7,25.8 
359,CHA,1111,47,.164,1.8,11.4 
360,DEN,3,1,0.0,0.0,0.0 
Rk,Tm,MP,G,FTr,STL%,TOV% 
361,PHI,2059,82,.384,1.8,17.0 
362,SAC,39,12,.286,0.0,0.0 
363,SAS,113,16,.303,2.4,17.6 
364,BOS,938,71,.187,1.2,19.3 
365,SAS,0,1,0.0,0.0,0.0 
366,CHI,149,20,.500,0.3,13.6 
367,POR,212,27,.548,0.8,26.7 
368,MIA,414,43,.283,1.6,15.1 
369,MIL,2538,75,.248,1.8,12.1 
370,LAC,753,59,.331,1.3,13.9 
371,TOT,944,65,.350,1.4,19.6 
371,SAC,429,38,.391,1.3,18.2 
371,POR,515,27,.319,1.5,20.6 
372,TOT,210,22,.111,1.3,5.0 
372,POR,208,21,.113,1.3,5.1 
372,DEN,2,1,.000,0.0,0.0 
373,ATL,127,23,.444,3.3,11.0 
374,NOK,989,55,.276,2.0,11.6 
375,MIL,887,44,.377,1.4,10.1 
376,ATL,2559,80,.377,1.3,15.2 
377,CLE,2351,82,.233,1.7,20.9 
378,NOK,1310,68,.258,1.2,12.2 
379,CHI,1329,62,.234,1.4,13.6 
380,TOR,590,42,.463,1.9,16.8 
Rk,Tm,MP,G,FTr,STL%,TOV% 
381,DAL,1525,55,.367,1.3,14.7 
382,ORL,2648,82,.310,1.2,12.2 
383,TOT,2601,71,.255,0.9,8.3 
383,SAC,1147,31,.248,0.9,9.8 
383,IND,1454,40,.261,1.0,7.3 
384,WAS,116,25,.341,1.3,9.6 
385,MEM,862,27,.216,1.2,14.9 
386,ATL,1236,61,.224,1.2,13.2 
387,PHO,50,3,.333,1.0,3.1 
388,CHI,1222,66,.459,0.8,15.1 
389,SEA,987,47,.378,0.8,14.8 
390,HOU,1344,66,.456,1.5,14.2 
391,TOT,2729,72,.306,0.8,10.6 
391,MIN,1555,40,.308,0.7,11.4 
391,BOS,1174,32,.303,0.8,9.5 
392,GSW,144,17,.158,0.7,4.7 
393,WAS,465,51,.316,3.4,18.0 
394,NYK,1210,67,.213,0.9,19.5 
395,POR,1641,68,.303,2.2,14.9 
396,DAL,2798,80,.191,2.0,10.2 
397,WAS,131,17,.050,4.0,12.8 
398,WAS,1121,71,.508,0.9,14.5 
399,TOT,150,22,.737,0.0,21.8 
399,PHI,124,15,1.077,0.0,26.8 
399,CHI,26,7,.000,0.0,0.0 
400,TOT,127,16,.267,1.3,32.3 
400,MEM,25,3,.000,0.0,50.0 
400,ATL,66,11,.571,1.6,31.3 
400,NJN,36,2,.000,1.5,25.0 
Rk,Tm,MP,G,FTr,STL%,TOV% 
401,SAC,2293,82,.338,1.6,16.3 
402,PHO,1411,53,.235,0.8,11.7 
403,TOT,666,29,.160,1.2,10.5 
403,CHI,32,3,.000,0.0,5.9 
403,PHO,634,26,.171,1.3,10.8 
404,PHO,43,10,.080,3.5,7.2 
405,IND,1122,42,.236,2.3,20.4 
406,MEM,732,51,.527,1.1,16.1 
407,TOT,99,17,.378,0.5,12.2 
407,MIN,13,5,.500,0.0,29.1 
407,PHO,86,12,.364,0.6,9.5 
408,LAL,161,23,.900,1.0,14.3 
409,ORL,2615,78,.338,1.5,11.4 
410,NYK,114,8,.250,0.5,7.0 
411,SAS,586,54,.215,1.3,17.2 
412,SAS,986,65,.120,0.9,13.6 
413,DAL,1090,53,.292,1.6,14.0 
414,CLE,760,48,.793,2.2,11.8 
415,NJN,1234,80,.331,1.8,15.6 
416,TOR,2361,81,.170,1.3,8.9 
417,CHA,818,51,.230,1.6,10.3 
418,NOK,406,41,.667,1.6,19.7 
419,LAL,1449,82,.167,1.7,13.0 
420,MIA,2892,75,.568,2.6,13.2 
Rk,Tm,MP,G,FTr,STL%,TOV% 
421,LAL,73,16,.211,2.2,2.4 
422,MIA,2199,82,.144,1.1,13.6 
423,IND,22,7,1.000,0.0,41.0 
424,DET,2890,82,.637,2.8,12.9 
425,CHA,1895,55,.520,3.7,12.0 
426,DET,2780,80,.172,1.6,6.9 
427,MIA,3,2,2.000,0.0,34.7 
428,LAL,1333,69,.232,1.6,17.7 
429,MEM,724,68,.504,1.1,16.7 
430,TOT,1578,70,.218,2.2,19.6 
430,DEN,975,46,.209,1.9,19.6 
430,SEA,603,24,.229,2.7,19.6 
431,PHI,2893,75,.245,1.8,10.4 
432,POR,1070,61,.204,1.1,10.2 
433,SAC,1684,52,.310,2.9,15.3 
434,MIL,866,58,.392,2.1,13.6 
435,HOU,2372,71,.333,1.4,15.7 
436,NOK,2526,74,.228,1.3,8.4 
437,BOS,2418,71,.148,1.8,15.4 
438,UTA,212,23,.105,1.8,19.0 
439,TOT,1529,77,.340,1.1,12.2 
439,LAC,657,48,.351,1.2,14.2 
439,SEA,872,29,.333,1.1,11.0 
440,SEA,1525,82,.372,2.5,14.4 
Rk,Tm,MP,G,FTr,STL%,TOV% 
441,TOT,348,47,.456,2.1,18.2 
441,CLE,243,37,.203,1.8,18.9 
441,SEA,105,10,.935,3.0,17.1 
442,TOT,791,48,.330,1.2,13.0 
442,TOR,99,14,.316,2.1,18.8 
442,NOK,692,34,.331,1.0,12.2 
443,TOR,10,1,.667,0.0,0.0 
444,UTA,2307,80,.168,1.4,14.4 
445,TOR,352,28,.507,1.0,14.1 
446,MIA,1874,59,.162,1.5,13.3 
447,PHI,145,30,.250,1.8,18.4 
448,ATL,1952,79,.476,1.3,11.4 
449,MIL,1531,58,.180,1.8,13.4 
450,SAC,362,37,.476,1.0,19.4 
451,TOR,324,27,.237,1.5,19.7 
452,NYK,1013,49,.299,1.7,17.5 
453,TOT,2207,56,.352,2.9,11.6 
453,IND,603,16,.511,3.7,12.9 
453,SAC,1604,40,.292,2.6,11.0 
454,NJN,370,39,.272,0.6,18.8 
455,MIN,135,7,.314,0.4,12.1 
456,MIA,132,20,.395,1.2,21.7 
457,MEM,1689,78,.288,1.7,12.8 
