Rk,Tm,MP,G,FTr,STL%,TOV% 
1,SAC,2131,75,.147,1.4,10.8 
2,VAN,2802,80,.428,1.5,13.5 
3,CHH,355,41,.230,1.2,11.2 
4,SAS,1454,80,.263,3.1,21.1 
5,TOT,943,76,.326,1.8,21.4 
5,IND,692,51,.320,2.1,25.0 
5,DEN,251,25,.338,0.8,13.3 
6,MIL,2532,82,.274,1.6,12.8 
7,ATL,11,2,.400,0.0,0.0 
8,WSB,144,31,.700,2.5,16.0 
9,SAS,1659,82,.355,2.1,19.4 
10,POR,3081,82,.383,2.8,12.7 
11,ORL,2163,63,.130,3.0,10.1 
12,UTA,1066,65,.311,1.4,16.8 
13,MIA,303,28,.313,2.5,20.7 
14,VAN,1863,65,.351,3.8,18.1 
15,GSW,1020,49,.242,1.3,12.8 
16,ORL,1010,67,.307,3.3,20.2 
17,TOT,838,43,.473,1.1,17.0 
17,NJN,7,1,0.0,0.0,0.0 
17,IND,822,41,.470,1.1,16.0 
17,DEN,9,1,.667,0.0,50.8 
18,MIA,1773,78,.182,1.6,14.6 
19,TOT,942,60,.441,2.4,19.6 
19,DET,292,20,.532,1.9,22.1 
19,POR,650,40,.392,2.6,18.1 
20,MIA,1881,82,.354,1.3,17.9 
Rk,Tm,MP,G,FTr,STL%,TOV% 
21,MIL,3159,78,.416,1.4,14.2 
22,HOU,2009,53,.600,1.8,14.7 
23,BOS,708,24,.170,1.8,12.5 
24,LAC,1094,59,.245,2.5,15.3 
25,ATL,965,58,.187,3.2,18.1 
26,TOR,44,4,.333,1.2,12.7 
27,TOT,75,9,.526,2.8,29.9 
27,HOU,16,4,1.000,6.5,0.0 
27,DEN,59,5,.308,1.8,40.4 
28,IND,2064,76,.318,2.6,17.8 
29,ATL,3056,78,.150,3.8,13.0 
30,LAL,1009,58,.464,1.1,18.8 
31,CHH,1880,65,.144,2.4,18.6 
32,PHO,48,8,.421,2.1,4.3 
33,TOT,430,21,.190,0.4,19.2 
33,DEN,21,5,.000,0.0,63.6 
33,GSW,409,16,.198,0.4,15.4 
34,MIA,1,1,0.0,0.0,0.0 
35,ATL,154,22,.349,3.6,18.0 
36,TOT,2288,73,.252,0.9,11.8 
36,NJN,1228,40,.268,1.0,11.2 
36,DAL,1060,33,.236,0.9,12.4 
37,PHI,251,36,.224,1.0,12.4 
38,CLE,2868,78,.226,2.8,11.0 
39,BOS,255,17,.192,1.0,19.4 
40,NYK,251,38,.385,4.4,27.2 
Rk,Tm,MP,G,FTr,STL%,TOV% 
41,TOT,757,70,.455,0.6,9.3 
41,PHO,83,10,.423,0.0,11.5 
41,MIL,674,60,.461,0.7,8.9 
42,BOS,522,21,.133,3.0,12.0 
43,POR,184,21,.271,2.3,14.2 
44,PHO,83,6,.833,0.6,10.9 
45,MIA,2592,80,.335,1.8,13.1 
46,CHI,1057,72,.252,4.1,13.6 
47,LAL,1103,71,.393,2.3,18.5 
48,PHO,1018,41,.393,1.1,12.5 
49,CHI,703,76,.089,1.7,14.1 
50,HOU,1025,71,.120,1.1,11.3 
51,TOT,939,57,.280,1.6,14.8 
51,CHH,482,28,.405,1.6,13.9 
51,GSW,457,29,.164,1.6,15.7 
52,ATL,380,24,.586,1.2,15.1 
53,POR,465,49,.400,1.5,15.5 
54,CHI,1405,75,.548,0.9,16.9 
55,PHI,1247,82,.291,1.9,9.7 
56,TOT,569,45,.543,1.4,19.7 
56,NJN,204,18,.486,2.0,22.0 
56,PHI,365,27,.579,1.1,18.3 
57,TOR,1897,63,.339,1.8,13.0 
58,LAL,2516,77,.393,1.0,10.5 
59,UTA,1460,82,.243,0.9,11.5 
60,MIN,830,55,.269,1.5,10.9 
Rk,Tm,MP,G,FTr,STL%,TOV% 
61,MIL,21,4,.333,0.0,22.5 
62,TOT,1714,61,.321,2.3,15.8 
62,PHO,539,22,.515,2.2,16.9 
62,DAL,398,16,.303,2.3,18.0 
62,NJN,777,23,.204,2.5,14.0 
63,SAC,581,46,.394,1.4,23.6 
64,TOT,1426,50,.301,1.2,10.8 
64,LAL,279,8,.181,0.9,15.9 
64,PHO,1147,42,.320,1.3,10.0 
65,CHH,83,12,.129,0.7,21.6 
66,PHO,1833,65,.199,1.5,10.5 
67,WSB,2411,79,.188,1.7,10.6 
68,VAN,662,54,.133,2.1,13.8 
69,TOT,155,23,.200,3.1,29.3 
69,POR,125,19,.267,3.0,27.9 
69,DET,30,4,.000,3.8,33.3 
70,NYK,2076,65,.292,2.0,23.8 
71,TOR,3127,81,.322,3.4,15.6 
72,PHI,2102,57,.437,1.2,15.6 
73,GSW,1183,51,.156,1.5,15.0 
74,BOS,1614,74,.377,1.4,17.1 
75,ATL,2305,70,.180,2.2,11.6 
76,TOT,100,9,.167,0.0,8.5 
76,PHI,52,4,.000,0.0,6.7 
76,SAS,48,5,.313,0.0,9.9 
77,MIA,659,48,.416,1.5,18.7 
78,SEA,828,45,.257,2.1,11.2 
79,TOR,46,9,.375,0.0,9.7 
80,CHH,2078,68,.170,1.6,9.4 
Rk,Tm,MP,G,FTr,STL%,TOV% 
81,DET,1217,81,.489,1.4,9.4 
82,IND,1052,72,.500,1.0,17.0 
83,TOT,310,22,.050,1.7,10.3 
83,SAC,28,5,.000,1.9,15.8 
83,NJN,282,17,.058,1.7,9.4 
84,TOT,1789,56,.265,1.6,15.4 
84,MIA,1351,43,.237,1.6,17.7 
84,DAL,438,13,.328,1.8,10.0 
85,NJN,313,41,.685,0.7,23.0 
86,IND,2335,82,.565,1.0,15.0 
87,PHO,98,20,.769,2.1,7.9 
88,IND,2589,80,.313,1.2,12.1 
89,HOU,230,13,.148,2.1,22.8 
90,TOR,623,36,.125,0.9,9.8 
91,PHI,1705,75,.314,2.5,16.2 
92,BOS,2277,81,.331,2.4,10.0 
93,GSW,1065,71,.553,1.6,18.3 
94,LAC,1053,73,.386,1.3,17.6 
95,SAS,2243,72,.165,1.4,9.9 
96,CHI,138,9,.238,1.2,13.6 
97,CHH,867,61,.199,2.3,19.6 
98,ORL,10,2,.667,5.4,0.0 
99,CHH,2840,81,.306,2.0,16.7 
100,POR,61,8,.313,0.0,21.6 
Rk,Tm,MP,G,FTr,STL%,TOV% 
101,MIL,2316,79,.280,1.8,18.3 
102,DAL,389,40,.365,1.1,9.5 
103,HOU,2271,62,.298,2.7,13.3 
104,BOS,132,15,.326,1.1,10.9 
105,LAC,384,26,.155,1.2,23.1 
106,POR,1840,81,.468,1.1,18.5 
107,DET,2923,79,.293,1.1,11.5 
108,TOT,278,24,.260,1.9,13.0 
108,DAL,227,18,.299,2.4,14.7 
108,PHO,51,6,.105,0.0,4.8 
109,TOT,500,47,.467,1.6,13.9 
109,TOR,457,38,.446,1.4,14.9 
109,MIL,43,9,.609,3.7,6.4 
110,SAC,1376,70,.550,2.3,18.7 
111,VAN,1439,61,.238,1.4,13.8 
112,NJN,477,32,.235,1.9,19.5 
113,SEA,848,62,.105,2.3,14.8 
114,UTA,1083,82,.289,2.2,24.1 
115,HOU,2687,78,.395,1.8,16.4 
116,SAS,1393,39,.422,0.9,13.9 
117,DEN,2940,82,.228,1.1,10.3 
118,DEN,2002,55,.278,1.1,9.3 
119,BOS,125,6,.313,2.0,27.8 
120,ORL,59,14,.000,0.9,8.3 
Rk,Tm,MP,G,FTr,STL%,TOV% 
121,NYK,2887,78,.434,1.3,14.4 
122,TOT,624,41,.427,1.4,14.3 
122,CHH,10,3,.500,0.0,0.0 
122,SAS,614,38,.425,1.4,14.6 
123,IND,1115,62,.279,1.8,12.7 
124,CLE,2633,82,.110,1.2,10.1 
125,TOT,2790,83,.229,1.3,12.2 
125,PHO,796,27,.232,1.2,11.8 
125,DAL,1994,56,.227,1.4,12.4 
126,TOT,8,6,.000,0.0,40.0 
126,WSB,7,5,.000,0.0,40.0 
126,MIA,1,1,0.0,0.0,0.0 
127,LAL,921,80,.458,2.3,18.4 
128,UTA,920,79,.265,0.6,16.5 
129,BOS,2650,76,.277,3.2,14.3 
130,GSW,949,75,.414,0.6,14.2 
131,SAC,953,62,.035,1.2,8.5 
132,MIN,2995,77,.247,1.9,12.5 
133,MIN,1665,68,.355,1.3,7.0 
134,TOT,1283,47,.528,1.6,13.5 
134,DAL,1191,44,.540,1.6,13.7 
134,NJN,92,3,.372,2.3,10.7 
135,CLE,246,39,.190,3.1,19.3 
136,CHH,1044,49,.363,1.0,14.2 
137,NJN,3199,82,.369,2.5,11.4 
138,MIL,2050,80,.496,1.6,14.2 
139,TOT,1188,60,.236,1.5,17.3 
139,CHH,576,33,.260,1.8,19.3 
139,DEN,612,27,.216,1.2,15.4 
140,SEA,197,28,.500,3.2,9.3 
Rk,Tm,MP,G,FTr,STL%,TOV% 
141,SAC,607,24,.435,1.7,15.1 
142,MIA,365,28,.200,2.4,18.4 
143,WSB,1604,78,.124,1.5,8.3 
144,ORL,2496,67,.258,2.2,11.3 
145,TOT,49,6,.192,4.4,15.1 
145,SAC,25,3,.364,6.3,0.0 
145,SAS,24,3,.067,2.3,24.5 
146,NJN,42,5,.267,1.2,15.2 
147,SAC,316,25,.241,1.3,14.0 
148,TOT,2492,83,.407,1.5,11.5 
148,PHO,548,27,.375,1.7,11.8 
148,DAL,1944,56,.419,1.4,11.4 
149,DET,311,45,.734,2.9,15.0 
150,MIN,3131,81,.423,2.2,15.6 
151,NJN,74,20,.514,0.7,4.2 
152,TOT,318,36,.565,1.5,22.1 
152,DEN,313,35,.541,1.3,21.8 
152,IND,5,1,2.000,10.8,34.7 
153,BOS,268,35,.509,0.4,15.7 
154,DEN,1758,81,.432,0.5,15.7 
155,TOT,133,24,.400,3.7,21.1 
155,MIL,39,9,.000,2.7,40.0 
155,ATL,86,14,.444,4.5,17.8 
155,SAS,8,1,1.000,0.0,0.0 
156,ORL,2221,59,.367,2.3,11.7 
157,MIA,3136,81,.263,2.6,13.0 
158,DAL,2210,75,.190,2.2,15.3 
159,CHI,1740,76,.202,2.6,10.2 
160,HOU,860,57,.397,0.7,19.2 
Rk,Tm,MP,G,FTr,STL%,TOV% 
161,PHI,813,54,.160,2.5,9.8 
162,SEA,26,6,.545,0.0,6.8 
163,SEA,2755,82,.371,3.1,12.3 
164,BOS,326,29,.221,2.5,27.3 
165,MIN,236,43,.052,0.7,14.6 
166,ATL,501,30,.463,2.3,12.9 
167,PHI,301,29,.338,1.7,13.7 
168,SAS,1837,75,.199,1.9,12.8 
169,DET,3147,80,.503,2.6,14.4 
170,CLE,2582,74,.640,1.4,16.2 
171,IND,572,47,.494,2.5,10.4 
172,UTA,2592,82,.381,2.6,11.8 
173,TOT,1395,54,.250,2.5,15.3 
173,PHO,719,32,.256,2.0,17.5 
173,LAL,676,22,.242,3.0,12.5 
174,NYK,2681,81,.211,0.8,12.9 
175,WSB,3324,82,.296,1.5,14.2 
176,TOT,418,49,.750,2.5,14.8 
176,SAS,69,7,1.167,6.4,21.6 
176,UTA,349,42,.698,1.7,13.7 
177,DET,3023,82,.195,2.4,7.8 
178,SAC,632,49,.424,2.3,27.1 
179,PHI,3045,76,.362,2.6,16.2 
180,WSB,1133,75,.210,2.1,14.3 
Rk,Tm,MP,G,FTr,STL%,TOV% 
181,TOT,2831,77,.301,1.6,15.1 
181,DAL,1676,46,.320,1.8,13.8 
181,NJN,1155,31,.277,1.3,17.0 
182,TOT,3054,82,.314,1.7,26.2 
182,DEN,2001,52,.301,1.3,25.2 
182,IND,1053,30,.339,2.4,28.1 
183,ATL,945,53,.118,0.6,8.3 
184,NYK,10,3,.000,0.0,0.0 
185,SAS,2472,76,.296,2.1,15.9 
186,TOT,913,52,.188,0.9,10.7 
186,IND,306,28,.199,0.9,10.3 
186,HOU,607,24,.181,0.9,10.9 
187,DEN,2599,82,.334,1.3,18.1 
188,PHO,2658,70,.579,2.0,16.3 
189,NYK,2613,76,.373,1.3,13.7 
190,HOU,93,12,.000,1.1,0.0 
191,LAL,2998,80,.312,3.3,12.1 
192,TOR,2421,79,.225,1.3,16.4 
193,CHI,3106,82,.304,2.4,7.2 
194,TOT,130,19,.654,2.8,19.3 
194,POR,99,9,.625,2.7,22.7 
194,MIN,31,10,.700,3.4,13.3 
195,UTA,915,62,.644,1.7,18.0 
196,SEA,2750,81,.590,2.4,17.7 
197,SAS,59,10,.400,0.9,54.3 
198,CHI,1861,82,.143,1.9,8.0 
199,LAL,1766,70,.263,3.5,12.9 
200,TOT,1964,55,.312,3.3,19.1 
200,DAL,791,22,.340,3.1,22.0 
200,PHO,1173,33,.294,3.5,17.1 
Rk,Tm,MP,G,FTr,STL%,TOV% 
201,PHI,59,7,.294,3.4,13.5 
202,DEN,22,2,.667,7.1,11.4 
203,TOT,103,11,.318,1.0,19.3 
203,BOS,33,5,.429,0.0,10.7 
203,DAL,70,6,.267,1.5,23.0 
204,NJN,3012,82,.191,2.7,9.0 
205,TOT,848,59,.224,1.0,18.0 
205,PHO,365,23,.225,1.3,18.5 
205,LAL,30,8,.250,0.0,0.0 
205,NJN,453,28,.220,0.9,18.9 
206,LAL,1156,71,.364,1.4,13.3 
207,LAL,11,3,1.000,9.6,25.8 
208,CHI,1610,57,.288,2.0,11.8 
209,ATL,3140,82,.390,1.8,14.2 
210,MIL,1194,52,.246,1.2,12.4 
211,CLE,843,64,.296,2.3,21.4 
212,ATL,180,35,.258,0.3,27.2 
213,TOT,126,20,.364,1.3,20.7 
213,CHH,11,1,.000,0.0,0.0 
213,VAN,115,19,.400,1.4,22.1 
214,WSB,182,15,.146,0.9,15.0 
215,MIA,2111,73,.154,1.3,13.0 
216,TOR,50,9,.143,1.1,6.3 
217,BOS,516,53,.403,0.8,24.9 
218,HOU,981,64,.284,2.1,28.4 
219,PHO,101,20,.286,5.1,25.9 
220,TOR,45,6,.000,1.2,6.3 
Rk,Tm,MP,G,FTr,STL%,TOV% 
221,DET,1166,65,.305,2.1,13.3 
222,TOR,370,32,.239,1.3,15.7 
223,CHI,1472,59,.247,0.8,17.1 
224,VAN,1059,41,.333,3.2,16.1 
225,HOU,904,52,.160,1.7,13.0 
226,PHI,733,37,.266,0.8,10.3 
227,DET,218,22,.407,1.0,13.6 
228,MIA,1264,36,.170,2.3,11.8 
229,UTA,2998,82,.439,2.0,11.1 
230,HOU,2386,82,.151,1.8,15.7 
231,PHO,2134,77,.316,2.0,15.1 
232,TOT,201,26,.171,1.1,7.4 
232,VAN,128,16,.167,1.3,8.8 
232,LAC,73,10,.176,0.7,5.2 
233,MIN,2324,67,.387,1.5,17.1 
234,DEN,255,17,.356,2.4,25.5 
235,CLE,548,56,.338,2.5,14.8 
236,GSW,1022,61,.233,1.3,10.6 
237,MIL,13,3,.000,0.0,12.5 
238,LAC,1820,82,.348,1.6,13.3 
239,TOT,2164,69,.307,2.0,11.9 
239,DAL,975,37,.295,1.9,11.8 
239,MIA,1189,32,.319,2.0,12.0 
240,CHH,3143,73,.519,1.3,14.0 
Rk,Tm,MP,G,FTr,STL%,TOV% 
241,NJN,1954,79,.456,1.0,14.4 
242,SAS,2068,72,.199,2.3,10.9 
243,VAN,1952,80,.124,1.7,18.7 
244,NYK,192,35,.206,1.9,18.6 
245,ORL,109,17,.375,1.5,22.8 
246,TOT,1493,64,.175,2.2,8.9 
246,DAL,1207,41,.191,2.3,9.1 
246,LAL,286,23,.094,1.7,8.3 
247,NJN,1170,62,.251,1.6,15.1 
248,DEN,2565,74,.334,1.3,13.0 
249,SEA,1477,82,.388,1.4,16.1 
250,DEN,117,13,.204,0.9,19.6 
251,IND,1449,50,.325,1.7,16.1 
252,TOT,1625,83,.301,2.6,17.9 
252,POR,775,41,.314,2.3,21.3 
252,DET,850,42,.292,2.9,15.1 
253,SEA,798,37,.195,3.9,16.5 
254,TOT,708,54,.262,0.8,18.6 
254,DAL,259,19,.154,1.2,24.5 
254,PHO,449,35,.313,0.6,15.6 
255,ATL,14,1,.000,0.0,0.0 
256,TOT,1152,61,.332,2.2,24.8 
256,DAL,836,42,.344,2.2,28.3 
256,TOR,316,19,.310,2.2,17.3 
257,IND,2966,81,.382,1.4,10.3 
258,CLE,3167,80,.234,1.6,10.9 
259,DET,1997,79,.100,1.0,10.4 
260,BOS,547,23,.184,1.4,9.4 
Rk,Tm,MP,G,FTr,STL%,TOV% 
261,MIN,2044,82,.489,1.3,11.3 
262,VAN,307,28,.476,0.9,27.6 
263,TOT,1828,78,.178,0.6,17.0 
263,DAL,984,47,.182,0.5,20.2 
263,NJN,844,31,.173,0.7,13.0 
264,HOU,237,27,.365,1.1,12.4 
265,UTA,977,73,.181,1.6,12.2 
266,VAN,1214,67,.224,2.1,14.3 
267,MIA,2320,66,.638,1.3,16.6 
268,GSW,2733,79,.269,2.5,17.8 
269,DEN,114,12,.364,4.1,22.3 
270,WSB,1849,73,.368,1.2,15.7 
271,LAC,1295,74,.485,2.2,14.0 
272,WSB,1814,82,.237,2.0,10.3 
273,ATL,2973,80,.602,0.9,16.9 
274,TOT,348,42,.534,1.9,10.0 
274,MIA,27,10,1.000,0.0,13.0 
274,DAL,321,32,.479,2.0,9.6 
275,PHO,684,65,.291,1.5,24.2 
276,TOT,113,10,.270,4.2,16.2 
276,UTA,94,8,.345,3.4,8.2 
276,POR,19,2,.000,8.3,38.5 
277,ATL,850,72,.571,1.8,26.9 
278,MIL,2060,82,.452,1.9,14.9 
279,TOT,42,4,.583,1.2,6.2 
279,SAS,36,3,.778,0.0,0.0 
279,WSB,6,1,.000,8.7,25.0 
280,ATL,220,17,.128,1.8,15.3 
Rk,Tm,MP,G,FTr,STL%,TOV% 
281,VAN,89,8,.227,2.4,17.1 
282,TOT,809,64,.125,1.9,6.4 
282,NJN,634,45,.111,2.0,6.1 
282,DAL,175,19,.167,1.5,7.2 
283,POR,458,45,.510,0.2,12.6 
284,LAL,1941,51,.483,1.2,10.8 
285,NYK,2873,80,.323,2.0,17.7 
286,HOU,2852,78,.313,2.1,14.8 
287,TOR,43,4,.154,2.5,17.8 
288,UTA,1818,77,.502,0.7,12.9 
289,LAC,2195,82,.556,2.3,17.1 
290,PHI,634,61,.253,1.9,15.6 
291,SAC,1995,66,.227,1.6,15.9 
292,GSW,592,57,.256,1.3,10.3 
293,TOT,1782,54,.351,2.8,21.3 
293,NJN,1185,34,.359,2.6,21.5 
293,DAL,597,20,.333,3.2,21.1 
294,CHI,406,43,.217,0.8,15.2 
295,MIN,961,76,.376,2.3,12.0 
296,SEA,3213,82,.240,3.3,11.6 
297,VAN,2291,72,.132,2.5,12.8 
298,SAS,1918,65,.417,0.9,15.2 
299,SEA,1976,81,.346,1.9,9.2 
300,MIL,1595,82,.231,3.3,18.0 
Rk,Tm,MP,G,FTr,STL%,TOV% 
301,PHO,2326,80,.126,1.9,7.4 
302,CLE,2375,69,.227,2.8,13.8 
303,LAC,747,65,.282,2.3,12.1 
304,TOT,1250,60,.312,1.2,10.7 
304,DEN,600,33,.354,1.2,11.2 
304,CHH,650,27,.266,1.2,10.2 
305,MIA,273,27,.581,1.6,26.0 
306,CHI,3095,82,.213,2.7,12.5 
307,SAC,2893,82,.260,0.8,13.4 
308,MIN,1568,82,.370,1.8,19.7 
309,CLE,1238,80,.296,1.2,18.6 
310,HOU,390,25,.200,2.3,21.9 
311,GSW,1876,70,.290,1.9,19.5 
312,BOS,874,25,.209,1.3,15.9 
313,DET,1292,76,.344,1.3,12.6 
314,ATL,1207,71,.166,1.7,14.8 
315,VAN,2777,75,.300,0.6,13.1 
316,TOT,1432,63,.185,1.2,17.5 
316,NJN,1048,50,.209,1.1,17.3 
316,DAL,384,13,.108,1.5,18.3 
317,DET,462,47,.286,2.0,15.4 
318,TOT,495,41,.281,2.1,16.1 
318,MIL,83,14,.368,0.0,26.6 
318,TOR,412,27,.267,2.6,14.1 
319,CHH,3362,79,.354,1.2,9.2 
320,LAC,1065,59,.125,2.7,14.6 
Rk,Tm,MP,G,FTr,STL%,TOV% 
321,SAC,3125,81,.337,2.0,11.6 
322,POR,2563,76,.266,0.9,16.2 
323,DAL,40,12,.933,0.0,19.1 
324,LAC,378,18,.432,1.1,11.5 
325,VAN,681,41,.143,2.2,14.9 
326,POR,3077,81,.296,1.7,12.7 
327,SAS,147,6,.722,2.2,7.8 
328,MIL,3114,80,.253,1.8,14.4 
329,MIN,1309,69,.237,1.2,11.5 
330,TOT,508,54,.213,2.5,19.3 
330,LAL,126,15,.167,2.1,17.6 
330,PHO,87,12,.118,0.6,12.3 
330,POR,295,27,.280,3.2,22.7 
331,CHI,1947,55,.308,0.9,25.5 
332,GSW,107,17,.396,1.5,16.3 
333,TOR,1397,56,.421,1.6,10.0 
334,LAC,2480,81,.326,1.9,17.9 
335,VAN,1848,82,.195,0.6,14.1 
336,LAL,735,69,.703,1.2,17.4 
337,IND,1188,66,.414,2.6,19.4 
338,CHH,525,54,.484,2.9,20.9 
339,TOT,858,62,.801,1.4,19.2 
339,ORL,29,1,.400,0.0,20.3 
339,GSW,509,36,.813,1.1,14.4 
339,CHH,320,25,.875,2.0,28.4 
340,TOT,737,42,.351,1.7,12.6 
340,GSW,5,1,.000,0.0,0.0 
340,TOR,732,41,.353,1.7,12.7 
Rk,Tm,MP,G,FTr,STL%,TOV% 
341,UTA,2525,81,.394,2.7,11.4 
342,POR,1762,69,.436,1.9,16.1 
343,SAC,154,23,.545,0.7,22.7 
344,TOT,69,8,.000,2.4,8.0 
344,SAS,62,6,.000,1.8,9.5 
344,DAL,7,2,.000,7.7,0.0 
345,ORL,540,45,.433,1.5,15.9 
346,SEA,29,7,.286,0.0,38.8 
347,LAC,116,15,.222,0.5,15.0 
348,SEA,2192,61,.436,1.5,14.8 
349,IND,55,16,.353,1.0,16.9 
350,LAL,1440,79,.398,1.7,10.6 
351,ORL,2166,66,.135,1.9,9.3 
352,MIA,32,8,.250,3.4,18.4 
353,CLE,50,16,.688,0.0,0.0 
354,LAC,2456,80,.308,2.7,12.6 
355,ORL,2615,74,.551,1.0,16.2 
356,ORL,1867,77,.271,1.9,22.7 
357,SAC,521,41,.353,0.8,17.8 
358,CHI,395,48,.430,0.7,24.0 
359,TOR,406,26,.503,1.2,13.7 
360,SAS,329,19,.310,2.2,18.7 
Rk,Tm,MP,G,FTr,STL%,TOV% 
361,GSW,3086,80,.292,1.3,11.6 
362,TOT,765,48,.188,1.3,21.5 
362,DET,64,9,.100,0.9,12.6 
362,ORL,47,6,.154,0.0,30.2 
362,DEN,654,33,.199,1.4,21.7 
363,SAC,2526,81,.688,1.7,21.0 
364,ATL,2818,72,.343,1.2,11.8 
365,DAL,60,8,.056,0.9,17.8 
366,CHH,1291,69,.175,2.0,16.7 
367,IND,1518,52,.296,0.8,13.2 
368,SEA,775,67,.402,2.5,19.9 
369,SEA,5,1,.000,10.6,50.0 
370,TOT,1558,73,.567,1.1,19.9 
370,ORL,19,1,.000,0.0,33.3 
370,GSW,1539,72,.571,1.2,19.8 
371,GSW,3353,80,.405,2.1,15.9 
372,PHI,3166,81,.510,1.5,16.5 
373,NYK,2042,77,.263,2.3,14.2 
374,CHI,12,2,.500,4.4,29.1 
375,HOU,9,2,.000,17.5,37.5 
376,SEA,982,70,.369,1.7,17.7 
377,DEN,1788,52,.388,1.7,12.5 
378,UTA,2896,82,.428,3.1,21.6 
379,TOR,3311,81,.285,2.0,15.4 
380,DAL,759,28,.313,1.9,18.5 
Rk,Tm,MP,G,FTr,STL%,TOV% 
381,MIA,153,31,.350,1.4,17.8 
382,WSB,2997,82,.450,2.5,16.9 
383,ORL,2004,82,.372,1.3,13.0 
384,CLE,2269,82,.543,2.3,19.9 
385,BOS,662,70,.504,1.2,21.7 
386,TOR,218,13,.408,1.5,20.0 
387,CLE,77,19,.042,1.5,19.7 
388,MIA,374,18,.438,1.7,16.6 
389,TOT,1055,67,.094,2.7,17.1 
389,UTA,8,2,.000,0.0,50.0 
389,DEN,1047,65,.094,2.7,16.9 
390,TOT,140,26,.316,1.1,29.4 
390,DEN,105,17,.125,1.5,29.3 
390,IND,35,9,1.333,0.0,29.6 
391,DET,2661,79,.385,1.3,13.6 
392,HOU,334,21,.108,2.4,14.4 
393,PHO,778,53,.129,0.5,8.4 
394,MIL,72,5,1.000,1.5,14.8 
395,POR,1918,82,.340,1.3,14.3 
396,LAL,2937,79,.186,1.3,15.4 
397,ORL,298,35,.417,1.5,25.4 
398,LAC,2838,82,.176,1.6,10.5 
399,MIN,766,53,.266,0.7,25.1 
400,BOS,2970,82,.270,1.8,13.2 
Rk,Tm,MP,G,FTr,STL%,TOV% 
401,DAL,602,43,.396,1.3,15.1 
402,WSB,197,34,.435,2.1,24.7 
403,NYK,787,68,.466,1.4,21.1 
404,POR,1892,62,.389,1.3,12.5 
405,PHI,1041,59,.191,1.4,14.8 
406,NYK,1763,79,.371,2.5,27.3 
407,TOT,340,23,.222,3.5,23.3 
407,UTA,129,13,.480,4.5,22.9 
407,DAL,211,10,.085,2.8,23.5 
408,PHI,2949,82,.344,1.3,12.8 
409,WSB,2806,72,.268,2.3,15.0 
410,CHI,783,61,.224,0.7,10.6 
411,NJN,31,6,.429,3.4,19.4 
412,BOS,2991,74,.296,2.7,16.1 
413,MIN,1920,68,.194,1.7,11.2 
414,CLE,959,70,.311,0.7,20.3 
415,POR,22,3,.000,0.0,20.0 
416,TOR,259,27,.273,2.3,21.6 
417,WSB,1117,82,.342,2.3,15.2 
418,SAS,1945,63,.367,1.1,10.9 
419,ORL,2202,80,.250,1.3,12.7 
420,TOT,563,33,.331,1.5,15.9 
420,DEN,10,1,.000,0.0,44.4 
420,VAN,553,32,.343,1.6,14.5 
Rk,Tm,MP,G,FTr,STL%,TOV% 
421,NYK,1496,74,.549,1.4,16.3 
422,BOS,2435,72,.532,1.5,12.1 
423,NYK,184,21,.087,1.2,9.5 
424,PHO,2137,68,.476,1.6,11.6 
425,NJN,1432,41,.339,0.9,11.7 
426,DET,177,33,.333,4.2,18.2 
427,WSB,264,19,.226,1.2,34.6 
428,SAS,1345,65,.404,2.2,17.6 
429,TOT,200,13,.158,2.1,12.9 
429,IND,33,2,.222,0.0,16.8 
429,NJN,167,11,.149,2.5,12.3 
430,PHI,1317,62,.173,1.7,12.7 
431,TOR,2647,73,.247,1.9,13.8 
432,SAC,1992,79,.337,1.6,15.5 
433,HOU,1964,75,.277,1.1,12.7 
434,SEA,929,65,.187,2.5,13.8 
435,POR,569,47,.207,1.3,18.9 
436,MIL,525,56,.213,1.4,12.6 
437,MIL,240,46,.474,1.6,11.6 
438,IND,81,4,.050,2.0,19.7 
439,LAC,1936,77,.305,1.3,12.4 
440,TOR,1009,60,.330,0.8,16.8 
Rk,Tm,MP,G,FTr,STL%,TOV% 
441,TOT,376,52,.483,0.7,15.9 
441,CHH,288,36,.376,0.8,18.8 
