Rk,Tm,MP,G,FTr,STL%,TOV% 
1,SAC,2015,80,.358,1.3,13.3 
2,NJN,495,61,.267,1.8,12.7 
3,DAL,214,32,.471,1.0,15.1 
4,POR,1392,63,.240,0.9,7.5 
5,CHI,638,60,.132,1.4,7.1 
6,SEA,2219,55,.268,1.9,10.7 
7,BOS,805,33,.517,3.2,19.1 
8,HOU,3040,82,.174,2.2,13.4 
9,TOT,89,11,.667,0.6,20.5 
9,UTA,2,1,0.0,0.0,0.0 
9,PHI,87,10,.667,0.6,20.5 
10,CHA,256,17,.284,1.4,19.4 
11,CHA,1190,50,.361,2.3,14.1 
12,DEN,2486,65,.391,1.5,12.1 
13,UTA,248,28,.446,1.3,17.9 
14,WAS,2942,74,.464,2.4,11.2 
15,ORL,1278,57,.461,2.5,15.8 
16,IND,1275,81,.247,2.9,15.4 
17,NOK,634,56,.536,1.0,18.5 
18,ORL,1304,72,.347,1.6,14.0 
19,MEM,2064,75,.435,1.2,13.0 
20,ORL,7,2,.000,0.0,0.0 
Rk,Tm,MP,G,FTr,STL%,TOV% 
21,GSW,669,41,.355,1.6,13.3 
22,NYK,1064,68,.327,2.8,13.5 
23,PHO,503,45,.306,2.3,15.2 
24,PHO,2613,80,.209,1.8,10.7 
25,DAL,191,33,.308,0.3,13.7 
26,TOR,1629,65,.227,1.0,13.5 
27,GSW,1813,76,.196,1.9,13.3 
28,CHI,29,6,.000,0.0,33.3 
29,MIA,203,28,.217,1.6,10.8 
30,SAS,1631,75,.275,1.8,11.3 
31,NOK,162,21,.364,0.7,16.4 
32,IND,405,47,.618,1.5,24.9 
33,ATL,81,13,.438,2.0,17.3 
34,ORL,1575,66,.214,1.0,13.4 
35,HOU,2988,82,.173,1.4,9.3 
36,MIL,2848,82,.172,1.8,9.0 
37,PHO,2917,78,.160,0.9,7.5 
38,SAC,2784,82,.298,1.6,13.0 
39,GSW,2382,82,.287,1.4,15.4 
40,DET,2533,70,.536,1.8,12.2 
Rk,Tm,MP,G,FTr,STL%,TOV% 
41,TOT,2225,82,.126,1.4,19.4 
41,MIL,583,33,.155,0.9,16.9 
41,DEN,1642,49,.116,1.5,20.2 
42,DET,166,14,.200,1.7,26.9 
43,WAS,682,56,.249,1.3,18.3 
44,MIN,2544,82,.232,0.9,14.7 
45,ORL,990,59,.257,1.5,14.4 
46,MIL,2258,66,.308,1.1,17.4 
47,SAS,653,56,.160,1.4,9.0 
48,NJN,669,61,.602,0.9,13.2 
49,WAS,380,44,.152,0.5,11.3 
50,UTA,2557,74,.322,1.4,12.8 
51,TOR,2658,69,.539,0.8,11.7 
52,SAS,2464,82,.156,1.3,11.5 
53,TOT,2031,66,.319,1.4,12.0 
53,DEN,877,31,.347,1.4,10.7 
53,MIL,1154,35,.292,1.4,13.4 
54,ATL,199,23,.154,1.3,17.8 
55,LAC,3077,80,.381,1.3,12.5 
56,UTA,675,56,.430,2.9,9.5 
57,CHA,838,58,.248,0.7,11.1 
58,SEA,271,38,.203,1.2,26.5 
59,UTA,450,49,.378,2.6,21.3 
60,NOK,1662,58,.279,1.4,12.7 
Rk,Tm,MP,G,FTr,STL%,TOV% 
61,LAL,1132,41,.554,1.8,20.2 
62,CHI,1456,72,.292,0.8,15.3 
63,CLE,202,23,.189,1.8,14.9 
64,LAL,3140,77,.437,1.8,10.9 
65,DAL,1372,76,.114,1.8,11.3 
66,PHO,164,23,.200,0.9,9.0 
67,WAS,2474,63,.336,2.8,13.9 
68,SAS,103,11,.286,1.0,20.2 
69,NOK,2223,81,.110,1.0,7.5 
70,LAL,1793,82,.483,0.3,17.6 
71,TOR,1614,77,.283,2.0,16.2 
72,DEN,2369,70,.335,1.8,13.9 
73,MEM,313,28,.318,3.6,19.2 
74,PHI,1169,67,.222,1.7,9.1 
75,CHA,1878,72,.316,1.5,8.9 
76,DEN,37,2,.000,0.0,42.9 
77,NJN,3126,82,.360,1.4,10.5 
78,LAC,1407,58,.291,1.1,12.5 
79,NYK,95,18,.545,1.7,18.0 
80,NOK,2525,73,.429,0.8,18.5 
Rk,Tm,MP,G,FTr,STL%,TOV% 
81,ATL,2024,55,.405,1.5,11.6 
82,LAC,82,7,.176,1.9,21.4 
83,ATL,1054,42,.216,3.6,19.8 
84,UTA,913,82,.488,0.7,15.2 
85,NJN,1844,80,.841,1.1,26.1 
86,NYK,777,52,.360,2.2,17.8 
87,SEA,2378,82,.313,1.1,14.5 
88,TOT,52,7,1.333,0.0,29.6 
88,MEM,17,3,0.0,0.0,0.0 
88,LAC,35,4,1.333,0.0,29.6 
89,LAL,1018,65,.115,1.3,10.6 
90,NYK,2198,59,.307,1.4,13.9 
91,DAL,727,61,.234,1.0,11.9 
92,NYK,2849,81,.649,0.6,18.4 
93,PHI,2535,82,.340,1.0,17.5 
94,DAL,1915,76,.572,0.7,20.4 
95,WAS,1761,80,.643,1.1,12.1 
96,IND,800,45,.285,1.8,14.8 
97,GSW,2221,63,.358,2.9,13.9 
98,DET,464,46,.351,1.2,14.9 
99,LAC,180,31,.192,1.8,12.4 
100,MIN,3021,81,.262,1.4,14.7 
Rk,Tm,MP,G,FTr,STL%,TOV% 
101,DET,1372,82,.237,1.8,12.8 
102,CHI,3071,82,.295,1.6,10.0 
103,PHO,2268,73,.211,0.6,19.9 
104,DEN,1177,64,.182,1.3,10.5 
105,POR,444,50,.351,1.7,13.4 
106,ORL,288,26,.188,0.7,13.1 
107,TOT,760,59,.526,0.5,17.0 
107,GSW,222,17,.530,0.7,15.0 
107,IND,538,42,.525,0.5,17.9 
108,DAL,1480,81,.570,1.4,25.0 
109,TOT,1926,81,.165,2.1,11.8 
109,POR,1243,55,.162,2.1,13.9 
109,TOR,683,26,.170,2.0,7.9 
110,MIA,698,56,.234,1.4,13.5 
111,ORL,1435,66,.308,1.9,12.2 
112,SAC,359,42,.119,2.1,10.2 
113,CHI,1906,78,.209,1.9,16.6 
114,SAS,2726,80,.502,1.3,14.0 
115,TOT,2580,82,.316,1.6,13.3 
115,GSW,1051,39,.273,1.8,14.6 
115,IND,1529,43,.350,1.6,12.3 
116,DET,94,19,.290,2.9,7.9 
117,GSW,2638,77,.354,2.4,15.9 
118,SAS,1332,70,.284,1.2,21.3 
119,TOT,309,30,.588,1.0,21.8 
119,CHA,244,24,.583,0.4,23.4 
119,SAS,65,6,.600,3.3,16.5 
120,LAL,1732,76,.286,1.1,8.5 
Rk,Tm,MP,G,FTr,STL%,TOV% 
121,DEN,1127,66,.851,1.8,24.3 
122,LAC,712,61,.280,2.4,21.7 
123,LAL,1090,72,.129,2.1,19.0 
124,SEA,32,8,.067,1.6,6.1 
125,CHA,2832,78,.250,2.2,16.8 
126,SAS,1823,82,.148,0.9,6.1 
127,UTA,2287,82,.455,1.9,12.9 
128,TOR,2243,75,.325,2.3,18.3 
129,SEA,158,14,.433,0.3,29.6 
130,IND,1740,75,.469,1.9,18.2 
131,MIN,1879,82,.278,1.5,16.4 
132,GSW,475,48,.294,1.1,19.3 
133,NYK,1237,44,.615,1.8,18.7 
134,ATL,147,19,.111,1.1,5.0 
135,NYK,1896,72,.157,1.0,12.0 
136,MIL,840,54,.395,1.4,15.5 
137,TOR,1909,67,.147,2.1,10.2 
138,SAC,1410,79,.300,1.6,14.0 
139,MIN,2995,76,.371,1.6,11.6 
140,ORL,277,33,.257,1.3,15.2 
Rk,Tm,MP,G,FTr,STL%,TOV% 
141,MEM,2133,59,.466,0.7,13.5 
142,MEM,2103,78,.275,1.7,14.1 
143,SEA,1239,70,.311,1.0,14.0 
144,DAL,1283,60,.130,1.9,11.5 
145,CLE,988,60,.169,1.2,15.1 
146,SAS,2060,75,.436,2.8,13.4 
147,UTA,1188,61,.228,1.2,13.2 
148,SEA,81,13,.118,0.0,33.5 
149,BOS,2275,73,.322,1.1,11.3 
150,CLE,2238,80,.254,1.7,11.7 
151,CHI,2704,82,.329,1.2,14.0 
152,TOR,1319,79,.338,1.2,9.9 
153,POR,165,14,.225,1.3,22.8 
154,IND,2785,82,.339,1.2,11.9 
155,BOS,1780,81,.215,1.2,12.9 
156,PHI,1842,74,.128,1.6,10.4 
157,IND,254,41,.403,3.5,27.7 
158,MIL,432,41,.227,2.0,10.4 
159,CHI,585,54,.147,2.8,21.7 
160,MIN,92,13,.185,0.0,17.0 
Rk,Tm,MP,G,FTr,STL%,TOV% 
161,WAS,13,2,.000,0.0,0.0 
162,DET,2763,75,.344,1.2,10.6 
163,UTA,1965,77,.471,1.4,13.0 
164,TOT,2563,78,.223,1.3,12.4 
164,IND,1208,36,.207,1.1,14.6 
164,GSW,1355,42,.237,1.4,10.6 
165,MEM,543,29,.336,2.0,24.9 
166,CHA,220,26,.393,0.2,18.6 
167,DAL,2081,80,.440,2.5,17.1 
168,IND,190,24,.379,1.4,27.8 
169,TOT,846,36,.210,2.7,13.4 
169,SAC,100,13,.367,1.5,10.3 
169,LAC,746,23,.186,2.9,13.9 
170,MIA,2483,79,.283,1.1,12.0 
171,MIN,2223,76,.208,0.5,14.2 
172,HOU,1714,78,.266,2.2,14.6 
173,WAS,1626,81,.154,1.5,8.8 
174,WAS,1740,77,.592,1.0,16.7 
175,HOU,2211,80,.150,1.8,15.5 
176,PHI,418,38,.701,1.1,12.0 
177,CHA,936,48,.161,0.9,8.3 
178,DEN,1715,64,.548,1.8,16.5 
179,ORL,2009,65,.491,1.6,15.2 
180,CHI,2839,80,.268,1.8,13.9 
Rk,Tm,MP,G,FTr,STL%,TOV% 
181,MIA,136,12,.200,1.2,8.4 
182,TOT,65,9,.333,3.1,17.9 
182,DEN,37,4,.400,4.0,14.5 
182,MIL,28,5,.286,1.9,20.2 
183,CHA,185,27,1.111,1.1,23.0 
184,SAS,1124,68,.255,2.1,13.6 
185,NJN,946,56,.086,1.5,5.8 
186,ORL,3023,82,.763,1.2,21.4 
187,DAL,2455,70,.273,1.8,9.3 
188,HOU,2123,80,.283,0.7,13.0 
189,MIN,554,34,.164,1.3,16.1 
190,CLE,2596,70,.324,1.8,12.4 
191,TOR,670,60,.427,1.1,12.7 
192,DET,745,52,.135,2.5,11.9 
193,PHI,1605,70,.463,0.4,14.2 
194,PHI,3062,76,.556,2.6,17.5 
195,CLE,2130,78,.242,1.2,13.8 
196,NJN,6,5,.000,0.0,50.0 
197,DAL,79,21,.500,2.0,20.4 
198,MIL,973,66,.245,1.4,11.3 
199,TOT,2761,65,.465,2.2,14.5 
199,PHI,640,15,.475,2.7,13.0 
199,DEN,2121,50,.460,2.1,15.1 
200,ATL,539,53,.245,2.4,16.4 
Rk,Tm,MP,G,FTr,STL%,TOV% 
201,POR,2651,79,.396,1.8,18.4 
202,NOK,1330,56,.324,2.0,11.6 
203,TOT,138,13,.209,1.9,13.0 
203,LAC,16,3,.000,0.0,11.1 
203,TOR,122,10,.257,2.1,13.3 
204,NOK,1025,56,.265,1.1,13.0 
205,TOT,2479,75,.317,1.7,14.5 
205,IND,1186,37,.340,1.4,14.1 
205,GSW,1293,38,.298,1.9,14.9 
206,NYK,273,41,.228,1.2,20.9 
207,CLE,3190,78,.432,2.1,11.5 
208,MIN,2069,82,.262,1.4,14.1 
209,WAS,2662,70,.270,1.5,7.5 
210,MIN,1555,70,.271,2.5,19.5 
211,TOT,973,63,.295,1.3,19.8 
211,IND,664,37,.290,1.0,19.1 
211,GSW,309,26,.307,2.0,21.3 
212,BOS,2319,69,.334,1.1,11.8 
213,NJN,1956,55,.490,0.9,12.9 
214,NYK,1307,55,.330,1.8,20.5 
215,MEM,753,59,.698,1.7,17.5 
216,DET,124,8,.424,2.2,18.7 
217,TOT,1301,67,.178,1.4,17.0 
217,DAL,562,40,.199,1.5,16.3 
217,ATL,739,27,.162,1.2,17.6 
218,DEN,419,39,.136,1.9,14.2 
219,ATL,2359,57,.276,1.4,12.1 
220,NOK,720,54,.195,2.4,11.6 
Rk,Tm,MP,G,FTr,STL%,TOV% 
221,PHI,336,44,.441,1.7,13.9 
222,MEM,1671,78,.377,1.2,14.6 
223,CLE,1173,60,.124,0.7,8.8 
224,CLE,18,4,6.000,0.0,35.5 
225,TOT,1594,64,.178,2.2,9.4 
225,MEM,561,29,.225,2.0,12.2 
225,MIA,1033,35,.151,2.4,7.7 
226,TOT,1319,63,.316,1.9,14.0 
226,TOR,870,39,.353,1.8,14.8 
226,POR,449,24,.232,2.2,12.1 
227,PHO,1376,76,.184,1.0,5.6 
228,PHO,138,18,.039,1.8,11.9 
229,ATL,666,58,.586,0.9,13.4 
230,LAC,2176,75,.344,1.0,16.4 
231,MIA,1767,67,.131,1.1,10.5 
232,CHI,231,33,.371,2.2,16.4 
233,NJN,2933,80,.253,2.3,17.4 
234,MEM,967,48,.322,2.8,11.7 
235,UTA,2049,70,.572,1.9,20.5 
236,DEN,1488,79,.285,0.9,12.9 
237,CHA,1273,45,.353,2.7,18.5 
238,LAC,41,10,.375,3.9,5.1 
239,PHI,2288,74,.247,1.3,11.1 
240,NJN,848,26,.375,0.6,12.1 
Rk,Tm,MP,G,FTr,STL%,TOV% 
241,POR,352,27,.255,1.1,10.3 
242,WAS,55,11,.556,0.0,15.2 
243,NYK,1731,58,.433,1.5,16.2 
244,SEA,2348,60,.313,1.5,9.4 
245,SEA,26,4,.000,0.0,25.0 
246,LAC,1611,54,.258,1.9,17.8 
247,MEM,175,10,.737,4.1,19.3 
248,HOU,383,47,.122,2.3,8.4 
249,ATL,1488,56,.311,0.9,12.5 
250,MIN,473,56,.674,1.1,27.4 
251,LAC,2291,75,.783,1.5,15.6 
252,POR,1703,81,.613,0.7,20.5 
253,GSW,27,1,.200,3.6,8.4 
254,NYK,2748,74,.405,1.4,13.8 
255,PHO,3010,80,.232,2.6,8.8 
256,MIL,170,30,.212,0.9,20.9 
257,PHO,17,3,.333,0.0,0.0 
258,CLE,1360,81,.162,1.5,11.3 
259,IND,361,40,.506,1.7,14.9 
260,TOR,220,31,.223,0.7,10.4 
Rk,Tm,MP,G,FTr,STL%,TOV% 
261,DEN,63,2,.750,0.0,19.0 
262,SAC,2818,80,.534,1.8,9.3 
263,NOK,2575,75,.359,1.1,15.6 
264,WAS,492,62,.089,1.3,9.3 
265,DET,943,67,.523,1.7,14.1 
266,CHA,838,35,.341,1.2,12.9 
267,MIN,554,37,.328,2.5,16.5 
268,MIL,12,5,.000,0.0,40.0 
269,DET,1729,82,.257,1.9,11.1 
270,PHI,41,11,.538,0.0,5.9 
271,HOU,2539,71,.330,1.9,11.2 
272,CHA,702,38,.177,1.0,17.7 
273,LAL,131,10,.000,1.6,32.0 
274,TOT,718,48,.415,1.7,17.1 
274,GSW,379,26,.505,2.2,15.2 
274,IND,339,22,.301,1.1,19.7 
275,ATL,81,14,.690,0.0,11.7 
276,DAL,71,12,1.059,0.8,26.5 
277,UTA,373,37,.198,1.5,18.2 
278,ORL,1913,80,.420,1.2,16.0 
279,TOT,2966,80,.311,1.9,17.7 
279,DEN,822,23,.343,2.2,19.7 
279,PHI,2144,57,.300,1.8,16.9 
280,SAC,1783,63,.302,1.1,16.2 
Rk,Tm,MP,G,FTr,STL%,TOV% 
281,MEM,2740,70,.201,1.0,14.0 
282,UTA,1472,82,.523,2.4,16.1 
283,HOU,1624,48,.504,0.6,14.3 
284,LAC,2841,78,.271,1.7,12.8 
285,DET,773,51,.369,1.9,14.3 
286,NJN,2082,79,.464,1.2,15.6 
287,NYK,44,5,1.000,2.4,18.8 
288,CHA,2326,78,.179,0.6,11.3 
289,MIA,1572,77,.725,0.4,18.7 
290,TOT,1852,68,.250,1.2,10.8 
290,GSW,667,26,.367,1.5,12.2 
290,IND,1185,42,.197,1.1,10.1 
291,DET,1477,69,.274,1.8,15.5 
292,HOU,1289,75,.569,0.9,16.6 
293,NJN,1532,76,.331,1.0,10.8 
294,DEN,1658,75,.347,2.2,12.1 
295,PHO,2682,76,.254,1.1,21.0 
296,ORL,2331,77,.253,1.7,15.9 
297,TOR,1676,80,.119,1.1,11.2 
298,CLE,129,15,.270,2.5,6.8 
299,CHI,1406,53,.248,1.0,13.8 
300,MIL,792,68,.243,1.6,17.0 
Rk,Tm,MP,G,FTr,STL%,TOV% 
301,HOU,191,35,.040,1.4,7.3 
302,DAL,2820,78,.411,1.0,9.5 
303,GSW,119,16,.531,2.4,16.8 
304,IND,2459,69,.392,1.1,13.2 
305,MIA,1135,40,.614,0.4,13.5 
306,SAS,1365,79,.181,1.0,18.5 
307,LAL,2202,56,.416,1.2,16.8 
308,CHA,2329,67,.399,1.3,11.3 
309,UTA,2664,80,.365,0.7,9.2 
310,PHI,919,53,.241,1.2,18.5 
311,BOS,234,24,.065,1.8,26.4 
312,ORL,460,41,.431,2.0,25.7 
313,POR,1532,67,.319,2.2,9.3 
314,ATL,2026,72,.607,2.0,17.2 
315,TOT,231,31,.232,1.1,12.7 
315,HOU,198,24,.224,1.1,12.9 
315,MEM,33,7,.286,1.6,11.3 
316,NOK,1710,82,.176,1.6,14.1 
317,TOR,2437,73,.230,1.6,8.6 
318,LAL,2457,82,.223,2.5,15.1 
319,SAS,2499,77,.319,1.8,13.3 
320,MIL,2508,81,.434,2.3,16.2 
Rk,Tm,MP,G,FTr,STL%,TOV% 
321,NOK,2353,64,.410,2.7,13.5 
322,CLE,1534,67,.257,1.9,15.8 
323,MIA,1503,68,.156,1.5,14.4 
324,BOS,1576,72,.372,0.8,26.5 
325,TOR,1515,71,.238,1.5,8.5 
326,SEA,1510,81,.176,1.4,14.8 
327,PHO,73,11,.080,0.0,16.2 
328,BOS,1740,47,.473,1.4,12.9 
329,GSW,1937,72,.358,1.2,13.4 
330,BOS,100,6,.333,1.6,11.4 
331,CLE,109,24,.154,1.9,12.6 
332,MIA,1919,71,.227,2.0,10.4 
333,SAC,13,3,.000,0.0,33.3 
334,BOS,720,63,.814,1.0,16.4 
335,TOT,353,37,.452,0.7,20.6 
335,IND,64,7,.800,0.0,19.8 
335,GSW,289,30,.385,0.8,20.8 
336,UTA,13,3,.667,0.0,43.6 
337,SAC,563,58,.320,2.5,14.4 
338,DET,3001,82,.225,0.9,8.2 
339,POR,701,43,.346,0.8,30.8 
340,MIA,408,42,.282,2.0,12.5 
Rk,Tm,MP,G,FTr,STL%,TOV% 
341,LAL,986,55,.231,1.3,16.5 
342,PHI,179,13,.458,2.1,13.5 
343,POR,2425,68,.374,1.2,12.6 
344,BOS,44,2,1.333,1.2,17.4 
345,BOS,710,47,.212,1.5,12.9 
346,MIL,2036,53,.406,1.6,9.2 
347,ORL,622,42,.308,1.0,8.7 
348,MIN,318,41,.280,0.8,15.5 
349,MIL,244,27,.233,1.1,22.8 
350,GSW,1675,51,.191,1.6,9.3 
351,TOT,20,6,.000,2.7,14.3 
351,ATL,19,5,.000,2.8,14.3 
351,POR,1,1,0.0,0.0,0.0 
352,NYK,1621,49,.220,1.2,10.5 
353,SEA,2091,71,.229,2.1,16.9 
354,GSW,227,20,.029,2.6,11.0 
355,MEM,969,54,.630,1.9,11.9 
356,TOT,278,31,.435,3.2,17.8 
356,CHA,241,21,.407,2.8,20.1 
356,NJN,37,10,.625,5.7,0.0 
357,NJN,955,50,.165,0.7,11.4 
358,NYK,1356,64,.266,2.0,11.0 
359,POR,862,67,.109,2.2,23.5 
360,BOS,1831,78,.409,3.6,20.5 
Rk,Tm,MP,G,FTr,STL%,TOV% 
361,PHO,246,29,.140,1.0,9.0 
362,NYK,810,65,.280,1.7,23.7 
363,LAC,1700,81,.230,2.2,7.3 
364,POR,2015,57,.315,1.8,11.8 
365,WAS,271,30,1.056,1.1,31.3 
366,SAC,2135,79,.395,1.7,16.4 
367,DEN,125,22,1.000,0.8,33.2 
368,BOS,1027,54,.120,1.2,18.0 
369,POR,118,11,.304,0.9,13.3 
370,CHI,868,71,.176,1.9,17.9 
371,SEA,169,28,.592,0.9,15.1 
372,MIA,93,8,.304,1.1,10.3 
373,NOK,534,43,.250,0.8,13.1 
374,LAC,376,53,.354,2.1,15.2 
375,MIL,1523,67,.312,0.6,20.7 
376,TOR,72,20,.500,0.7,22.1 
377,MIN,1537,82,.402,1.8,12.0 
378,DEN,1471,63,.196,1.6,10.8 
379,TOT,1503,65,.310,1.3,12.3 
379,DEN,148,11,.250,2.0,19.6 
379,PHI,1355,54,.317,1.2,11.4 
380,ATL,2647,72,.390,2.0,16.3 
Rk,Tm,MP,G,FTr,STL%,TOV% 
381,PHI,28,8,.250,1.9,18.4 
382,CLE,1929,82,.349,1.5,22.9 
383,HOU,563,39,.514,1.0,12.7 
384,WAS,700,37,.240,1.2,14.7 
385,TOR,34,7,.667,1.5,7.9 
386,HOU,272,31,.583,1.4,24.3 
387,DAL,1615,67,.329,1.7,13.5 
388,WAS,2419,82,.287,1.4,12.3 
389,NOK,425,13,.194,1.0,8.2 
390,MEM,1501,62,.190,1.6,17.6 
391,ATL,1034,61,.160,1.1,10.8 
392,PHO,2689,82,.555,1.5,15.0 
393,CHI,385,48,.493,1.2,20.5 
394,MEM,1029,54,.387,1.5,14.6 
395,BOS,900,32,.325,1.0,10.9 
396,WAS,369,47,.150,2.4,14.3 
397,SAC,103,12,.464,2.0,15.1 
398,BOS,1578,78,.232,1.4,15.8 
399,DAL,2846,81,.187,1.5,11.7 
400,WAS,1246,65,.498,0.9,17.4 
Rk,Tm,MP,G,FTr,STL%,TOV% 
401,SAC,1412,62,.251,1.5,21.1 
402,PHO,1208,67,.274,1.0,10.8 
403,LAC,2054,76,.199,1.4,11.9 
404,CHI,966,72,.621,2.4,20.8 
405,ATL,50,6,.400,0.0,5.4 
406,IND,2243,72,.269,2.7,16.7 
407,TOT,390,36,.542,1.1,21.2 
407,MEM,258,23,.480,1.4,25.7 
407,HOU,132,13,.682,0.4,9.5 
408,TOR,83,17,.636,1.2,17.6 
409,LAL,1087,72,.500,0.8,13.7 
410,ORL,2268,73,.266,1.6,13.5 
411,POR,2144,75,.173,1.8,11.7 
412,SAS,948,73,.174,1.5,13.1 
413,CLE,1932,81,.668,2.1,11.4 
414,SAS,760,64,.389,1.7,17.0 
415,MIL,984,39,.232,1.3,11.3 
416,NOK,103,13,.467,1.0,24.9 
417,CHA,1043,73,.443,1.5,15.5 
418,LAL,935,73,.183,2.3,9.4 
419,MIA,1931,51,.556,3.0,15.3 
420,LAC,1,1,.000,0.0,0.0 
Rk,Tm,MP,G,FTr,STL%,TOV% 
421,GSW,7,1,2.000,0.0,34.7 
422,MIA,1818,78,.157,1.4,16.5 
423,CHI,2697,77,.630,2.1,15.7 
424,CHA,2640,72,.470,2.8,12.2 
425,DET,2419,75,.163,1.7,9.4 
426,LAL,1982,60,.260,1.6,16.0 
427,MEM,2152,82,.545,1.0,15.4 
428,SEA,2152,77,.214,2.4,18.2 
429,TOT,1821,61,.250,1.8,13.1 
429,PHI,544,18,.122,1.8,12.0 
429,DET,1277,43,.323,1.8,13.7 
430,POR,1759,82,.268,1.1,12.1 
431,HOU,590,28,.396,2.2,19.0 
432,CLE,352,35,.373,1.8,16.3 
433,NOK,1900,52,.287,1.2,9.9 
434,BOS,2219,69,.275,1.7,14.8 
435,SAS,137,6,.366,1.2,9.5 
436,SEA,2586,82,.429,1.4,11.5 
437,SEA,2037,82,.282,2.4,14.6 
438,SEA,534,47,.298,1.5,16.3 
439,LAC,374,38,.415,1.0,22.3 
440,LAC,10,2,2.000,10.6,44.4 
Rk,Tm,MP,G,FTr,STL%,TOV% 
441,UTA,2950,80,.273,1.4,16.9 
442,TOT,121,21,.298,1.3,11.6 
442,SAS,88,16,.206,1.2,11.9 
442,CHA,33,5,.538,1.6,11.1 
443,MIA,1865,61,.181,1.7,14.0 
444,SAC,333,26,.716,0.8,11.5 
445,PHI,688,61,.436,1.7,15.5 
446,NJN,1315,79,.162,1.2,20.1 
447,ATL,2179,64,.375,1.3,13.4 
448,MIL,2472,68,.177,1.8,15.2 
449,LAL,345,30,.070,1.8,12.8 
450,IND,556,46,.125,0.6,12.4 
451,ATL,1514,81,.395,1.8,18.3 
452,SAC,1337,68,.447,1.1,14.9 
453,DAL,43,5,.154,2.5,12.6 
454,SAC,2641,70,.399,2.9,10.7 
455,NJN,1137,63,.291,1.4,13.2 
456,MIN,190,19,.300,2.5,8.1 
457,MIA,1292,66,.236,1.7,13.9 
