Rk,Tm,MP,G,FTr,STL%,TOV% 
1,TOT,506,54,.152,1.5,15.4 
1,SAC,476,51,.159,1.6,14.5 
1,PHI,30,3,.000,0.0,31.3 
2,DEN,2082,73,.155,1.9,10.0 
3,CHH,443,29,.203,2.7,13.9 
4,DET,1776,79,.169,1.5,10.8 
5,PHO,1374,74,.308,1.7,14.2 
6,GSW,1237,50,.134,1.1,13.8 
7,PHI,1032,64,.465,2.0,14.6 
8,ATL,622,51,.683,2.0,19.1 
9,NJN,2689,72,.402,2.0,15.6 
10,ORL,2588,76,.220,2.4,12.2 
11,SAS,556,38,.253,2.4,17.4 
12,NYK,943,61,.259,2.8,14.9 
13,CHI,2577,82,.261,1.7,9.4 
14,ORL,8,3,.250,6.3,10.1 
15,SEA,1721,71,.472,1.4,12.3 
16,MIA,854,50,.275,2.1,9.7 
17,ATL,2362,76,.395,2.3,12.9 
18,ORL,1066,71,.307,1.3,16.1 
19,MIL,3361,82,.352,1.3,13.5 
20,PHO,2382,68,.444,2.3,9.9 
Rk,Tm,MP,G,FTr,STL%,TOV% 
21,PHI,3318,82,.331,2.4,15.3 
22,MIL,602,52,.597,2.6,19.5 
23,CLE,280,28,.228,1.6,11.9 
24,ATL,74,10,.409,0.7,21.2 
25,NJN,1598,61,.330,0.7,17.1 
26,CLE,18,4,.364,12.6,19.0 
27,CHH,46,3,.000,0.0,18.8 
28,UTA,1841,71,.267,1.3,10.3 
29,TOT,80,13,.231,2.6,25.9 
29,CHH,19,4,.000,2.8,40.0 
29,BOS,61,9,.300,2.5,20.9 
30,ATL,3069,80,.179,3.5,15.8 
31,CHI,889,68,.319,1.5,19.8 
32,CHH,2629,78,.247,2.1,14.0 
33,GSW,81,5,.000,0.0,9.1 
34,TOT,290,23,.238,1.1,15.5 
34,DET,51,5,.333,1.0,17.9 
34,UTA,239,18,.222,1.1,15.0 
35,NYK,1126,58,.347,2.2,26.2 
36,ORL,1261,77,.198,1.9,17.7 
37,LAL,1225,67,.333,0.9,22.9 
38,PHI,2365,82,.335,1.2,15.2 
39,CLE,1961,67,.244,3.1,14.6 
40,HOU,340,42,.405,1.6,10.1 
Rk,Tm,MP,G,FTr,STL%,TOV% 
41,TOT,808,59,.287,2.1,13.2 
41,HOU,186,28,.323,2.2,15.9 
41,DAL,622,31,.276,2.1,12.3 
42,HOU,814,41,.356,0.7,12.6 
43,BOS,2792,79,.284,2.0,11.7 
44,MIN,213,27,.675,1.7,23.6 
45,NJN,2466,80,.363,1.5,10.8 
46,SAC,1086,67,.286,4.7,19.4 
47,POR,658,49,.328,1.5,15.1 
48,CHI,605,57,.213,2.1,13.0 
49,CHH,2014,65,.243,2.0,11.5 
50,PHI,1564,53,.441,1.1,14.4 
51,WSB,1554,76,.364,2.0,15.2 
52,CLE,2040,82,.259,1.7,12.9 
53,HOU,30,7,1.500,1.7,13.1 
54,LAL,2076,73,.369,1.7,9.7 
55,CLE,1128,78,.406,1.6,12.3 
56,UTA,1677,78,.368,0.7,12.1 
57,SEA,430,29,.348,0.7,18.5 
58,HOU,1882,82,.428,2.5,19.2 
59,SAC,820,58,.667,0.9,14.8 
60,LAL,2029,58,.299,1.5,11.5 
Rk,Tm,MP,G,FTr,STL%,TOV% 
61,UTA,1240,81,.316,1.0,9.7 
62,WSB,1468,45,.249,2.3,8.0 
63,WSB,2651,78,.189,1.5,11.0 
64,HOU,1347,68,.128,0.9,15.0 
65,NJN,1021,53,.262,2.1,19.6 
66,NYK,79,12,.227,1.3,34.9 
67,NJN,2103,56,.560,0.9,13.6 
68,MIA,2207,68,.287,2.3,18.6 
69,CLE,752,57,.420,2.3,15.2 
70,MIL,2064,82,.300,1.1,14.4 
71,LAL,5,2,0.0,10.1,0.0 
72,ATL,1389,81,.246,2.1,12.6 
73,UTA,1019,80,.524,2.0,19.8 
74,SAS,29,7,.600,1.7,13.7 
75,SAS,1273,76,.265,1.4,15.5 
76,DET,595,53,.269,1.8,14.3 
77,CHH,1718,69,.143,1.7,10.6 
78,TOT,604,30,.129,1.8,12.3 
78,PHI,63,5,.074,1.7,22.3 
78,LAL,541,25,.137,1.9,10.6 
79,NJN,3,1,.000,0.0,50.0 
80,IND,1030,44,.710,1.0,16.6 
Rk,Tm,MP,G,FTr,STL%,TOV% 
81,IND,2346,74,.450,1.6,15.2 
82,NYK,1697,82,.194,1.1,11.5 
83,DAL,580,46,.584,0.5,17.4 
84,DET,1170,50,.204,2.3,22.6 
85,BOS,13,2,.125,0.0,19.2 
86,MIL,2717,82,.325,2.0,11.6 
87,LAC,1774,80,.426,1.3,16.2 
88,SAS,2360,75,.211,1.3,6.3 
89,DEN,1261,63,.486,1.6,22.0 
90,LAL,2807,80,.399,2.0,15.4 
91,UTA,613,43,.419,0.5,20.1 
92,BOS,2048,65,.385,2.0,15.3 
93,CLE,483,58,.402,0.7,17.2 
94,TOT,2728,76,.357,2.5,11.5 
94,POR,1428,41,.348,2.7,10.6 
94,HOU,1300,35,.369,2.4,12.7 
95,WSB,818,40,.262,1.3,16.5 
96,POR,2245,82,.410,1.0,13.3 
97,DET,2544,67,.355,1.5,16.3 
98,PHO,167,15,.219,3.0,10.1 
99,DAL,613,58,.308,1.1,15.0 
100,MIN,852,59,.405,2.2,13.9 
Rk,Tm,MP,G,FTr,STL%,TOV% 
101,MIA,898,54,.387,1.1,12.2 
102,BOS,208,30,.426,1.5,14.8 
103,TOT,1112,67,.229,2.0,15.8 
103,BOS,507,31,.246,1.9,15.3 
103,UTA,605,36,.212,2.1,16.2 
104,ATL,212,38,.667,1.3,26.2 
105,POR,266,28,.205,1.0,13.4 
106,NJN,466,14,.273,2.1,16.9 
107,ATL,1166,49,.168,2.1,13.9 
108,TOT,552,49,.328,1.7,26.4 
108,MIN,496,34,.381,1.9,25.5 
108,SAS,56,15,.000,0.0,32.0 
109,HOU,1896,81,.351,1.7,15.6 
110,SAS,2858,81,.377,1.4,10.8 
111,DEN,1996,81,.164,1.0,8.9 
112,LAC,656,69,.619,5.2,16.9 
113,DEN,58,6,.240,0.9,15.3 
114,BOS,1083,55,.330,1.0,18.1 
115,CHI,127,8,.333,2.9,11.8 
116,NYK,2920,79,.386,1.2,13.1 
117,IND,607,56,.491,2.3,17.0 
118,CLE,1290,82,.168,1.2,9.9 
119,LAC,370,26,.359,2.2,19.0 
120,IND,686,55,.479,2.1,15.9 
Rk,Tm,MP,G,FTr,STL%,TOV% 
121,NJN,831,48,.203,0.8,18.1 
122,PHI,98,5,.051,0.5,16.7 
123,TOT,1144,78,.349,0.7,16.2 
123,CHI,299,17,.360,0.3,14.6 
123,MIN,845,61,.345,0.8,16.8 
124,BOS,1039,53,.350,2.6,16.1 
125,PHI,280,11,.216,1.5,20.0 
126,MIA,1223,77,.247,2.2,8.9 
127,MIN,1931,73,.273,1.9,18.6 
128,GSW,1470,58,.488,1.3,15.8 
129,CHH,409,21,.510,0.9,15.2 
130,MIA,1712,74,.295,1.2,17.1 
131,MIL,8,3,.667,0.0,34.0 
132,SEA,2125,73,.244,2.8,12.7 
133,NJN,2472,82,.433,1.4,12.4 
134,PHI,775,50,.327,2.0,15.8 
135,NYK,8,2,.000,0.0,0.0 
136,SAC,2289,80,.449,1.1,14.4 
137,LAC,470,33,.331,3.1,18.8 
138,DEN,151,14,.364,2.1,26.8 
139,POR,1771,75,.235,1.6,8.3 
140,ORL,2693,74,.298,1.4,9.6 
Rk,Tm,MP,G,FTr,STL%,TOV% 
141,PHI,1098,47,.218,1.3,11.8 
142,PHO,2687,82,.556,1.0,12.9 
143,TOT,2568,77,.301,2.6,16.6 
143,WSB,226,6,.398,4.7,13.3 
143,GSW,1324,40,.244,1.9,17.5 
143,MIN,1018,31,.342,3.1,16.5 
144,MIN,167,17,.404,2.5,17.8 
145,SAS,117,31,.525,1.3,14.8 
146,ORL,7,1,.667,0.0,0.0 
147,DEN,956,70,.681,0.6,14.2 
148,CHH,424,46,.322,2.4,17.8 
149,ORL,2901,77,.405,2.3,16.1 
150,GSW,2321,62,.286,1.9,15.9 
151,PHI,158,10,.113,3.0,11.2 
152,NYK,2716,80,.254,1.5,15.2 
153,CHI,1536,77,.267,3.3,15.4 
154,DAL,1695,79,.279,1.7,10.1 
155,BOS,18,3,1.125,0.0,7.7 
156,LAL,572,59,.256,1.3,11.3 
157,CHH,2731,82,.372,2.4,13.7 
158,POR,380,37,.291,1.2,23.6 
159,HOU,1331,61,.358,1.5,15.8 
160,GSW,46,5,.333,1.1,6.8 
Rk,Tm,MP,G,FTr,STL%,TOV% 
161,NJN,735,57,.147,0.7,10.7 
162,DET,2678,70,.480,2.4,13.5 
163,CLE,2397,70,.572,1.3,14.8 
164,DAL,633,54,.250,0.8,14.7 
165,UTA,2696,81,.344,2.5,11.8 
166,HOU,2074,64,.210,2.3,17.2 
167,DET,1996,76,.199,1.6,10.8 
168,SEA,258,39,.355,2.5,13.9 
169,ATL,4,2,.000,13.4,0.0 
170,WSB,2348,65,.314,1.1,13.5 
171,TOT,201,18,.118,2.3,32.2 
171,UTA,149,12,.000,2.4,32.4 
171,BOS,52,6,.444,2.0,31.7 
172,DET,944,42,.173,2.8,18.8 
173,SAC,1105,68,.268,1.4,25.7 
174,PHI,257,21,.353,1.8,17.8 
175,DAL,1982,51,.370,0.7,11.8 
176,IND,2402,82,.270,2.3,24.9 
177,GSW,1722,80,.360,2.7,19.6 
178,SAS,3011,82,.342,1.9,17.3 
179,SEA,907,64,.240,0.9,20.3 
180,PHO,1352,47,.553,1.7,13.9 
Rk,Tm,MP,G,FTr,STL%,TOV% 
181,CHH,3234,81,.290,1.3,13.1 
182,MIN,139,11,.364,2.3,15.0 
183,HOU,36,3,.667,0.0,0.0 
184,LAL,1981,64,.227,3.3,8.4 
185,DAL,2385,80,.148,0.7,12.2 
186,CHI,668,17,.337,2.3,7.0 
187,UTA,1270,75,.581,1.5,14.2 
188,SEA,2679,82,.587,1.9,17.1 
189,CHI,1839,82,.164,1.2,8.3 
190,POR,1143,63,.254,2.3,10.5 
191,LAL,83,6,.077,0.6,6.9 
192,DAL,2668,79,.321,2.9,20.4 
193,SEA,6,2,1.000,0.0,0.0 
194,MIN,792,50,.481,1.6,19.9 
195,TOT,77,11,.588,0.0,21.9 
195,NYK,16,2,.000,0.0,25.0 
195,IND,61,9,.714,0.0,21.4 
196,PHO,968,75,.185,0.7,10.9 
197,TOT,708,47,.117,1.5,17.9 
197,POR,43,3,.267,1.2,19.3 
197,DET,665,44,.106,1.5,17.8 
198,ATL,943,62,.128,2.0,9.2 
199,CHI,287,19,.417,1.6,22.7 
200,CHI,2584,81,.325,2.1,13.0 
Rk,Tm,MP,G,FTr,STL%,TOV% 
201,MIN,2770,81,.543,1.9,16.5 
202,ATL,2340,82,.278,1.0,12.4 
203,PHO,53,12,.400,0.0,29.8 
204,DET,623,57,.436,1.2,16.5 
205,SAC,75,22,.840,4.2,12.7 
206,GSW,371,24,.296,1.6,13.3 
207,ATL,188,24,.711,1.1,29.6 
208,DEN,469,57,.346,1.5,12.3 
209,MIL,776,60,.522,1.1,18.7 
210,MIA,730,61,.065,1.4,10.9 
211,TOT,2641,81,.454,2.2,15.3 
211,MIA,62,2,.833,1.7,19.6 
211,ATL,2579,79,.447,2.2,15.2 
212,CHI,1001,55,.354,1.3,19.8 
213,GSW,672,37,.395,2.0,17.9 
214,LAL,953,56,.292,2.7,18.0 
215,WSB,1052,39,.377,0.7,9.5 
216,DET,721,55,.257,4.8,12.2 
217,CLE,28,7,.667,4.0,27.9 
218,NJN,630,58,.325,0.9,16.5 
219,PHO,3091,82,.274,1.6,8.3 
220,PHI,660,19,.208,1.2,8.6 
Rk,Tm,MP,G,FTr,STL%,TOV% 
221,UTA,3126,82,.449,2.1,11.3 
222,SAS,149,17,.914,0.7,18.3 
223,PHO,1510,46,.325,1.4,14.5 
224,SEA,1194,66,.433,3.0,15.3 
225,TOT,2086,72,.253,1.1,10.6 
225,MIN,1036,40,.288,1.3,10.8 
225,GSW,1050,32,.221,0.9,10.3 
226,LAC,14,1,.000,0.0,0.0 
227,MIN,803,34,.279,2.2,19.2 
228,DAL,2980,80,.386,1.4,11.4 
229,NYK,2496,77,.588,1.5,16.2 
230,LAC,2127,80,.391,1.1,14.3 
231,HOU,2038,64,.185,1.9,14.0 
232,MIL,1744,82,.203,1.5,19.3 
233,DAL,802,42,.293,1.5,9.8 
234,BOS,1430,68,.229,1.1,12.9 
235,WSB,534,55,.577,1.0,17.6 
236,IND,2805,81,.357,2.4,14.8 
237,POR,827,45,.280,2.2,11.7 
238,SEA,2070,80,.146,4.0,23.0 
239,DEN,8,2,.000,6.6,0.0 
240,LAL,527,46,.576,1.9,18.7 
Rk,Tm,MP,G,FTr,STL%,TOV% 
241,DET,1558,64,.297,2.0,19.6 
242,IND,2665,81,.391,2.0,10.6 
243,CLE,2814,80,.249,1.2,11.2 
244,DET,2514,72,.235,1.4,12.3 
245,MIA,871,45,.311,0.9,18.2 
246,BOS,945,63,.259,1.7,11.6 
247,IND,1377,81,.421,1.7,9.9 
248,MIL,587,46,.341,0.7,13.7 
249,BOS,2315,78,.457,0.6,14.0 
250,NJN,2131,71,.228,2.1,11.1 
251,GSW,395,41,.659,1.4,14.0 
252,CHH,2941,77,.585,0.9,14.8 
253,GSW,890,25,.307,2.1,19.1 
254,MIL,2158,75,.328,2.7,17.2 
255,WSB,1720,73,.323,1.4,15.7 
256,LAC,2556,81,.242,1.4,11.9 
257,TOT,516,54,.180,1.4,12.2 
257,POR,313,29,.222,1.1,10.6 
257,HOU,203,25,.100,1.8,15.2 
258,DEN,3100,82,.604,0.7,19.5 
259,CHI,1270,71,.397,2.4,20.7 
260,DET,331,34,.489,1.9,18.0 
Rk,Tm,MP,G,FTr,STL%,TOV% 
261,MIL,1896,82,.350,1.9,13.2 
262,ATL,1879,74,.164,1.0,9.5 
263,SAS,84,23,.607,0.0,20.2 
264,ORL,2923,79,.536,1.3,9.4 
265,NYK,1567,50,.382,2.0,18.3 
266,HOU,2853,72,.348,2.4,11.7 
267,WSB,42,6,.889,0.0,19.3 
268,LAC,1655,81,.572,2.8,16.1 
269,WSB,1704,82,.251,1.6,15.8 
270,MIA,2296,70,.382,1.8,17.6 
271,DEN,1144,42,.443,2.8,22.1 
272,CHH,1352,81,.272,1.1,13.7 
273,SEA,3015,82,.259,3.4,11.8 
274,LAL,1559,73,.194,1.7,10.3 
275,DET,21,6,.400,2.5,25.4 
276,CHI,1592,78,.423,0.9,17.6 
277,SEA,2356,82,.363,1.5,8.2 
278,PHO,1977,82,.332,3.9,19.5 
279,PHI,446,42,.513,1.2,18.0 
280,SAS,2033,81,.136,1.1,11.4 
Rk,Tm,MP,G,FTr,STL%,TOV% 
281,PHO,1800,78,.158,1.3,10.4 
282,SAC,5,3,2.000,0.0,0.0 
283,CLE,2500,80,.288,2.6,10.9 
284,LAC,1208,81,.252,1.6,11.1 
285,GSW,673,27,.417,1.6,7.4 
286,MIL,835,62,.639,2.1,17.3 
287,CHI,3014,79,.333,4.0,15.2 
288,SAC,2534,81,.281,1.0,12.7 
289,POR,770,35,.307,2.0,16.1 
290,CLE,1375,48,.265,1.4,17.2 
291,TOT,194,19,.656,0.5,22.5 
291,PHI,36,5,1.333,0.0,51.2 
291,MIA,158,14,.586,0.7,16.1 
292,BOS,2147,66,.334,1.4,13.1 
293,LAL,195,26,.343,0.8,16.6 
294,DEN,39,8,.000,0.0,9.1 
295,DEN,13,3,.667,12.1,20.5 
296,MIA,1462,67,.422,2.7,19.3 
297,SAS,1566,81,.588,1.9,18.5 
298,MIA,3014,82,.260,1.9,8.9 
299,LAC,2864,80,.139,2.3,15.2 
300,SAC,3172,82,.297,1.5,12.1 
Rk,Tm,MP,G,FTr,STL%,TOV% 
301,MIN,2645,75,.271,1.4,14.2 
302,LAC,434,40,.441,2.0,15.2 
303,TOT,989,63,.272,3.3,15.1 
303,NYK,47,3,.846,4.5,18.3 
303,SAS,942,60,.246,3.3,14.9 
304,CLE,223,21,.361,1.5,7.7 
305,POR,2725,75,.289,1.5,9.6 
306,SAS,3074,81,.570,2.2,11.1 
307,MIL,2958,80,.354,2.0,16.1 
308,POR,1539,71,.176,1.6,15.9 
309,SAS,1568,49,.463,1.0,25.3 
310,GSW,1017,49,.429,1.1,17.2 
311,DEN,2142,80,.358,2.3,16.3 
312,ORL,478,51,.738,0.7,29.2 
313,MIN,2405,80,.620,0.6,15.4 
314,DEN,1798,81,.468,1.9,21.0 
315,ORL,1841,70,.689,1.2,18.1 
316,GSW,1494,66,.390,1.1,16.3 
317,PHO,319,49,.193,2.2,18.0 
318,UTA,860,63,.391,2.9,13.1 
319,MIA,1955,75,.524,1.2,16.6 
320,PHO,823,69,.278,1.2,18.7 
Rk,Tm,MP,G,FTr,STL%,TOV% 
321,SEA,102,18,.783,1.0,8.8 
322,NJN,318,43,.102,0.5,13.1 
323,SEA,2886,82,.523,1.6,12.6 
324,IND,1528,80,.389,2.1,14.8 
325,ORL,1499,62,.177,1.5,7.6 
326,LAC,1604,60,.333,2.3,9.8 
327,GSW,1035,36,.510,0.9,21.3 
328,MIN,239,21,.308,1.8,9.8 
329,ORL,1836,78,.192,2.0,25.6 
330,SAC,1064,58,.269,1.4,16.7 
331,CHI,586,59,.391,0.9,17.3 
332,WSB,2077,62,.346,1.7,20.4 
333,DEN,236,25,.679,1.6,19.8 
334,NYK,2150,76,.431,1.2,14.2 
335,MIN,1073,64,.239,1.6,14.6 
336,DAL,826,63,.239,1.8,9.6 
337,HOU,2030,81,.250,1.8,15.7 
338,LAC,319,29,.224,1.0,10.9 
339,SAC,1736,82,.645,1.8,16.9 
340,TOT,2665,80,.369,1.2,11.7 
340,MIA,62,2,.759,1.7,9.4 
340,ATL,2603,78,.358,1.2,11.8 
Rk,Tm,MP,G,FTr,STL%,TOV% 
341,LAL,1024,61,.204,2.3,12.9 
342,IND,2381,78,.356,0.9,13.4 
343,LAC,368,19,.424,1.9,25.5 
344,UTA,905,34,.628,0.7,19.9 
345,GSW,2771,69,.383,2.0,14.4 
346,NYK,2725,80,.215,1.8,12.1 
347,WSB,346,40,.337,2.3,13.5 
348,DEN,2329,81,.490,2.1,12.0 
349,UTA,2867,82,.387,3.5,22.4 
350,IND,9,4,.667,0.0,20.5 
351,POR,2267,64,.402,2.8,15.8 
352,BOS,1344,70,.523,0.9,16.3 
353,CHH,690,53,.196,2.5,17.0 
354,PHO,51,9,.278,1.0,19.8 
355,HOU,182,37,.830,0.6,19.9 
356,DAL,1354,55,.200,1.7,14.1 
357,ORL,246,38,.105,2.1,18.5 
358,IND,453,38,.136,2.1,20.9 
359,TOT,2096,70,.413,1.0,14.1 
359,HOU,1188,36,.347,0.9,15.3 
359,POR,908,34,.489,1.1,12.8 
360,LAL,1384,59,.254,2.0,12.6 
Rk,Tm,MP,G,FTr,STL%,TOV% 
361,PHO,1276,65,.213,1.1,9.3 
362,CHH,57,10,.111,0.0,13.7 
363,ORL,7,3,1.000,0.0,25.8 
364,WSB,982,62,.395,2.4,18.5 
365,SAC,149,30,.614,2.8,14.2 
366,ORL,576,49,.163,1.1,10.3 
367,PHI,809,55,.265,2.3,31.5 
368,LAL,2944,80,.271,1.7,15.1 
369,LAC,2966,80,.209,1.8,11.4 
370,ATL,27,5,.143,0.0,21.2 
371,WSB,266,24,.667,1.0,21.6 
372,NJN,1435,80,.111,1.3,12.6 
373,NYK,44,10,.526,2.4,25.5 
374,UTA,673,60,.368,2.7,22.4 
375,PHI,2991,76,.305,2.0,12.0 
376,SAC,2458,76,.351,1.6,18.9 
377,WSB,2067,54,.248,2.0,13.8 
378,CHI,956,73,.199,1.2,10.2 
379,BOS,1380,51,.300,3.0,19.7 
380,MIN,2328,71,.323,1.5,12.6 
Rk,Tm,MP,G,FTr,STL%,TOV% 
381,DET,1543,67,.354,0.9,15.9 
382,ATL,292,27,.604,3.5,22.1 
383,SAS,179,25,.234,1.1,25.8 
384,TOT,424,43,.085,2.6,15.9 
384,DAL,407,38,.090,2.6,14.1 
384,ATL,17,5,.000,3.1,40.0 
385,BOS,2423,77,.291,1.3,11.6 
386,MIL,72,15,.500,1.4,19.3 
387,POR,2422,82,.339,1.4,14.6 
388,NYK,743,56,.206,0.9,16.9 
389,CLE,2641,74,.353,1.8,13.7 
390,NJN,982,75,.378,1.4,13.5 
391,IND,402,34,.217,1.3,21.7 
392,DAL,2383,82,.332,1.1,23.2 
393,MIN,28,1,1.250,3.8,32.6 
394,NYK,503,41,.286,2.1,21.5 
395,DEN,2198,74,.206,2.7,11.8 
396,PHI,1781,77,.247,2.1,14.9 
397,SAC,2739,77,.365,2.3,17.3 
398,TOT,2390,67,.293,1.3,12.4 
398,ATL,89,2,.366,0.6,12.8 
398,MIA,2301,65,.290,1.3,12.4 
399,SAC,147,15,.350,1.4,11.5 
400,CHH,515,52,.197,1.9,16.9 
Rk,Tm,MP,G,FTr,STL%,TOV% 
401,SEA,81,20,.196,3.1,12.6 
402,CHH,583,63,.198,0.8,20.0 
403,GSW,1336,78,.359,1.0,12.3 
404,LAC,495,62,.325,4.2,29.1 
405,IND,1028,69,.275,3.1,19.5 
406,PHI,2044,79,.363,1.0,14.4 
