Rk,Tm,MP,G,FTr,STL%,TOV% 
1,SAC,1205,49,.334,2.1,13.0 
2,VAN,2021,50,.492,1.8,14.6 
3,DEN,778,36,.169,2.4,19.8 
4,MIL,1719,50,.290,1.7,13.9 
5,SAC,5,2,.000,10.0,50.0 
6,CLE,978,38,.525,2.7,17.5 
7,BOS,1010,34,.283,1.7,15.0 
8,ORL,1581,47,.253,2.2,10.4 
9,UTA,1072,50,.344,2.0,13.6 
10,DAL,470,41,.345,2.1,14.0 
11,POR,806,50,.355,4.4,15.9 
12,TOT,358,32,.239,1.8,20.5 
12,CHH,178,10,.233,0.9,17.4 
12,ORL,180,22,.244,2.7,23.1 
13,ORL,1502,50,.341,3.9,20.8 
14,MIA,415,33,.129,2.3,16.6 
15,POR,874,48,.437,3.5,12.6 
16,ORL,1259,49,.347,2.0,17.9 
17,UTA,44,5,.154,2.5,33.5 
18,UTA,543,43,.194,0.9,12.4 
19,PHO,249,27,.151,1.9,10.7 
20,TOR,2,1,.000,0.0,50.0 
Rk,Tm,MP,G,FTr,STL%,TOV% 
21,SEA,1162,34,.366,1.5,13.0 
22,HOU,1526,42,.532,1.5,13.9 
23,BOS,1156,50,.197,2.4,17.9 
24,CHI,1181,37,.284,1.9,15.2 
25,SEA,183,17,.406,2.0,24.1 
26,SAC,736,43,.609,3.6,21.2 
27,BOS,1121,50,.216,1.4,12.7 
28,TOT,180,24,.385,2.7,22.2 
28,DET,30,8,.250,3.7,18.4 
28,CHH,150,16,.419,2.5,23.1 
29,PHI,33,6,.000,0.0,30.0 
30,CHI,320,31,.342,1.9,13.5 
31,CHI,19,3,.667,2.9,11.4 
32,IND,1043,49,.272,2.2,15.4 
33,VAN,1758,50,.279,2.4,17.7 
34,DEN,1488,45,.347,2.1,14.7 
35,ATL,1763,48,.140,3.2,14.3 
36,TOT,530,34,.540,2.0,14.5 
36,LAL,162,14,.364,0.3,13.6 
36,CLE,368,20,.627,2.7,14.9 
37,GSW,714,36,.234,3.3,21.7 
38,WAS,4,2,0.0,0.0,0.0 
39,CHI,432,39,.278,2.8,18.7 
40,BOS,494,30,.258,2.2,11.2 
Rk,Tm,MP,G,FTr,STL%,TOV% 
41,TOT,221,22,.038,1.5,19.9 
41,NJN,51,5,.000,1.0,25.0 
41,CLE,170,17,.052,1.6,18.0 
42,DAL,1294,49,.330,1.5,12.3 
43,TOT,1217,36,.154,2.8,12.0 
43,MIL,505,15,.149,2.6,14.0 
43,MIN,712,21,.157,2.9,10.6 
44,CHH,1192,48,.158,0.7,8.7 
45,TOR,1377,49,.111,2.2,13.4 
46,PHO,236,33,.157,1.1,18.8 
47,MIA,1611,50,.306,1.6,11.3 
48,CHI,1139,39,.323,3.3,18.0 
49,NYK,95,17,.857,5.2,29.3 
50,LAL,1896,50,.375,2.0,14.7 
51,CHI,1204,45,.316,1.5,14.6 
52,DET,1056,50,.075,1.9,7.8 
53,HOU,413,41,.088,1.7,10.6 
54,NJN,706,32,.202,3.0,9.2 
55,CHH,18,3,.571,0.0,10.2 
56,CLE,418,31,.230,2.0,15.9 
57,GSW,876,35,.354,1.5,19.0 
58,NYK,945,46,.395,1.7,11.3 
59,TOT,1459,49,.578,1.4,12.1 
59,LAL,325,17,.614,0.2,14.6 
59,CHH,1134,32,.569,1.8,11.3 
60,HOU,152,18,.135,0.4,14.0 
Rk,Tm,MP,G,FTr,STL%,TOV% 
61,TOT,445,39,.195,0.9,11.2 
61,MIN,81,11,.154,0.7,12.6 
61,NJN,364,28,.201,1.0,11.0 
62,CHI,624,42,.148,1.8,16.7 
63,TOR,1760,50,.350,1.7,11.1 
64,TOT,199,8,.538,2.5,14.8 
64,NJN,100,4,.633,1.6,16.1 
64,MIL,99,4,.432,3.3,13.3 
65,POR,545,43,.519,2.3,14.6 
66,MIA,137,19,.343,0.0,30.9 
67,DAL,352,13,.350,1.1,14.8 
68,PHO,1183,38,.198,1.5,9.8 
69,WAS,1266,50,.161,1.6,8.6 
70,VAN,697,46,.099,1.7,13.5 
71,NYK,1297,48,.292,1.9,22.0 
72,TOR,1768,50,.378,3.5,13.6 
73,DEN,409,28,.463,1.3,17.9 
74,LAC,87,15,.435,1.9,18.0 
75,WAS,98,14,.194,0.5,5.6 
76,CHH,1178,37,.468,1.1,15.5 
77,GSW,1272,48,.244,1.9,15.2 
78,MIA,35,7,.154,0.0,17.8 
79,ATL,1066,47,.239,1.6,10.4 
80,SEA,59,10,1.000,2.7,10.4 
Rk,Tm,MP,G,FTr,STL%,TOV% 
81,ATL,784,42,.275,0.7,14.4 
82,IND,249,27,.307,1.6,21.3 
83,TOT,382,27,.403,1.5,18.4 
83,POR,19,3,.375,5.7,0.0 
83,SEA,363,24,.405,1.3,19.4 
84,GSW,1011,50,.269,2.5,10.9 
85,TOT,162,16,.111,0.3,20.9 
85,TOR,1,1,0.0,0.0,0.0 
85,NJN,161,15,.111,0.3,20.9 
86,MIN,372,35,.306,2.4,10.9 
87,MIL,864,42,.101,2.3,11.4 
88,MIL,1146,50,.383,2.0,13.3 
89,GSW,1414,50,.493,1.0,15.4 
90,SAS,614,47,.355,2.6,17.2 
91,CHI,902,50,.457,1.4,14.1 
92,IND,1271,49,.552,1.0,10.4 
93,NYK,21,8,.353,0.0,4.8 
94,IND,1374,50,.407,0.8,10.8 
95,DAL,1378,50,.126,0.8,12.0 
96,MIA,35,4,1.000,1.6,44.8 
97,CHH,557,46,.295,2.9,19.3 
98,WAS,578,37,.413,1.0,12.8 
99,TOT,1102,47,.511,2.5,13.8 
99,BOS,258,14,.509,2.6,24.0 
99,CLE,844,33,.511,2.4,10.7 
100,TOT,291,26,.082,1.3,15.4 
100,SAC,20,4,.000,5.0,15.4 
100,VAN,271,22,.095,1.0,15.4 
Rk,Tm,MP,G,FTr,STL%,TOV% 
101,MIL,1093,48,.185,1.7,15.9 
102,DET,1177,49,.274,1.8,18.7 
103,GSW,630,36,.281,1.4,13.7 
104,HOU,1558,50,.156,0.9,11.8 
105,SAC,1761,50,.458,1.2,16.4 
106,ORL,780,49,.300,1.3,7.9 
107,LAC,842,30,.397,1.7,19.2 
108,HOU,441,34,.062,1.5,19.0 
109,NYK,685,46,.367,1.0,15.9 
110,DET,1116,38,.174,1.1,12.3 
111,SAS,1963,50,.424,1.2,12.7 
112,MIA,283,24,.181,3.4,21.3 
113,UTA,1038,50,.255,1.6,23.8 
114,SAS,1291,47,.360,1.9,13.7 
115,SAS,1509,50,.276,0.9,11.1 
116,SEA,1232,48,.177,1.1,9.6 
117,ATL,539,20,.321,0.8,13.6 
118,TOT,145,16,.091,1.8,4.2 
118,NJN,121,11,.118,1.3,5.3 
118,MIN,24,5,.000,4.4,0.0 
119,NYK,1300,38,.407,1.3,12.9 
120,TOT,852,28,.448,1.5,17.5 
120,MIL,3,2,.000,0.0,0.0 
120,NJN,849,26,.451,1.5,17.6 
Rk,Tm,MP,G,FTr,STL%,TOV% 
121,GSW,46,8,.286,1.2,6.0 
122,CLE,1058,50,.111,1.2,11.2 
123,DAL,2051,50,.258,1.7,9.9 
124,LAL,1131,50,.300,2.8,20.5 
125,DEN,1417,50,.598,1.2,13.6 
126,UTA,458,42,.152,0.7,14.0 
127,LAL,944,44,.270,1.6,13.2 
128,GSW,614,44,.421,1.3,17.8 
129,UTA,462,42,.403,0.7,15.6 
130,SAC,936,47,.401,1.2,12.9 
131,MIN,1780,47,.229,2.3,12.0 
132,BOS,205,24,.392,1.3,16.7 
133,MIN,1054,49,.221,1.5,10.3 
134,PHO,538,39,.329,0.8,9.3 
135,TOT,775,48,.351,2.2,16.9 
135,NJN,281,18,.247,1.5,21.2 
135,MIL,494,30,.411,2.7,14.3 
136,SAS,58,19,.000,1.9,13.8 
137,PHI,1540,50,.319,1.4,13.8 
138,NJN,1606,50,.282,4.4,9.6 
139,MIL,668,34,.453,1.8,11.9 
140,POR,1525,48,.592,0.7,16.6 
Rk,Tm,MP,G,FTr,STL%,TOV% 
141,POR,7,2,.000,7.7,0.0 
142,PHI,798,47,.173,1.4,10.4 
143,ORL,1660,50,.154,1.5,8.3 
144,TOT,13,6,.000,4.2,25.0 
144,MIN,8,4,.000,0.0,20.0 
144,MIL,5,2,.000,11.0,33.3 
145,ATL,337,30,.203,2.0,12.8 
146,DAL,924,50,.203,1.6,6.4 
147,CLE,2,1,.000,0.0,0.0 
148,PHO,1563,43,.380,2.0,11.6 
149,MIN,716,49,.419,0.6,13.1 
150,ORL,1944,50,.294,3.1,15.6 
151,MIA,1772,48,.198,1.8,13.8 
152,LAL,1120,45,.110,2.1,14.6 
153,CHI,1107,35,.259,3.0,13.0 
154,ORL,1114,50,.447,1.5,16.0 
155,IND,160,21,.268,1.4,14.9 
156,HOU,903,41,.401,0.4,14.6 
157,NJN,602,36,.265,1.6,8.2 
158,SEA,1644,50,.324,2.6,14.6 
159,SAC,203,24,.075,0.7,23.9 
160,ATL,1142,38,.352,1.6,10.6 
Rk,Tm,MP,G,FTr,STL%,TOV% 
161,CLE,1517,50,.201,2.1,16.4 
162,VAN,331,30,.469,1.5,13.5 
163,NJN,399,22,.568,1.6,12.0 
164,DET,25,4,1.000,2.2,51.0 
165,TOT,307,28,.145,2.1,16.5 
165,VAN,42,4,.154,0.0,22.4 
165,DEN,265,24,.143,2.4,15.2 
166,DET,1852,50,.473,2.4,16.0 
167,TOT,1104,38,.560,1.7,15.0 
167,MIL,517,17,.686,1.9,13.5 
167,PHI,587,21,.460,1.5,16.3 
168,IND,87,12,.286,0.0,11.3 
169,TOT,102,16,.313,2.7,19.8 
169,MIL,12,3,.400,4.6,14.5 
169,PHI,90,13,.296,2.4,20.8 
170,UTA,1435,48,.312,2.0,13.8 
171,LAL,744,38,.315,2.5,22.8 
172,NYK,1815,50,.277,1.1,14.1 
173,WAS,1430,36,.242,1.6,12.4 
174,LAC,524,25,.253,1.1,18.6 
175,PHI,988,50,.365,2.4,12.4 
176,DET,1755,49,.170,2.7,14.0 
177,CLE,171,5,.526,1.3,11.4 
178,PHI,1990,48,.449,3.0,11.7 
179,MIN,941,50,.227,2.2,16.4 
180,SAS,861,47,.137,2.6,10.9 
Rk,Tm,MP,G,FTr,STL%,TOV% 
181,POR,1175,49,.273,2.0,16.5 
182,IND,1382,49,.240,1.7,21.4 
183,WAS,271,27,.296,0.6,17.6 
184,LAL,12,2,.400,0.0,14.5 
185,SAC,42,16,.500,2.4,23.5 
186,GSW,1058,47,.388,1.9,12.8 
187,ATL,885,49,.364,2.2,19.9 
188,SAS,1672,50,.191,1.7,18.3 
189,HOU,18,3,.000,0.0,13.3 
190,MIL,1027,50,.556,1.6,16.7 
191,NYK,1639,49,.358,1.1,14.4 
192,CHI,476,29,.179,2.1,17.9 
193,TOT,344,24,.143,2.0,11.8 
193,NJN,131,11,.295,2.8,9.1 
193,BOS,213,13,.053,1.5,13.5 
194,TOT,1881,50,.455,3.5,11.5 
194,LAL,724,20,.352,2.5,7.4 
194,CHH,1157,30,.519,4.2,13.7 
195,BOS,206,18,.333,1.3,10.7 
196,MIL,18,4,1.000,9.2,25.8 
197,MIN,296,27,.704,2.1,16.5 
198,UTA,642,44,.718,1.4,16.8 
199,CLE,1475,42,.677,1.8,14.5 
200,ORL,5,1,.000,0.0,0.0 
Rk,Tm,MP,G,FTr,STL%,TOV% 
201,SAS,734,44,.201,1.7,10.4 
202,SAS,699,45,.070,2.9,12.7 
203,PHO,2060,50,.342,3.0,15.7 
204,UTA,42,8,.571,2.6,31.3 
205,SAS,63,19,1.286,1.7,15.4 
206,NJN,1570,46,.186,2.6,9.1 
207,PHO,374,31,.162,1.1,11.2 
208,CLE,1186,39,.448,3.3,21.8 
209,TOR,56,6,.500,1.0,41.8 
210,LAL,525,37,.223,2.1,19.7 
211,CHI,1654,44,.287,1.6,12.5 
212,DET,337,16,.538,2.5,12.7 
213,DEN,387,12,.372,1.2,5.7 
214,CHI,386,21,.232,0.7,13.5 
215,CLE,65,10,1.500,1.7,28.7 
216,CHI,732,43,.078,2.5,13.2 
217,WAS,377,30,.052,0.6,10.6 
218,MIA,190,12,.139,0.9,7.7 
219,SEA,145,20,.269,3.0,25.6 
220,PHO,22,1,.250,4.8,10.1 
Rk,Tm,MP,G,FTr,STL%,TOV% 
221,ATL,1380,50,.655,2.3,13.8 
222,PHO,933,39,.262,1.3,14.1 
223,VAN,1218,47,.356,2.2,15.8 
224,LAL,188,15,.323,1.4,12.9 
225,PHI,1315,43,.241,3.5,17.0 
226,TOT,1083,44,.151,1.7,7.5 
226,VAN,577,19,.142,1.9,8.2 
226,HOU,506,25,.163,1.6,6.6 
227,SEA,365,17,.503,0.7,11.4 
228,DET,69,7,.000,4.0,23.1 
229,PHI,127,16,.444,2.1,21.8 
230,MIA,1624,48,.154,1.3,14.7 
231,UTA,1832,49,.602,1.9,13.8 
232,HOU,186,15,.393,1.2,29.9 
233,PHO,1184,50,.290,1.6,13.7 
234,TOT,1895,49,.315,1.6,14.0 
234,MIN,661,18,.286,2.3,13.8 
234,NJN,1234,31,.330,1.3,14.1 
235,TOR,28,8,.250,1.9,25.3 
236,GSW,1250,48,.245,2.0,12.8 
237,LAC,941,37,.273,2.5,17.7 
238,MIA,855,24,.350,1.3,14.9 
239,VAN,1143,43,.399,1.2,12.3 
240,SAC,1007,46,.271,1.5,12.4 
Rk,Tm,MP,G,FTr,STL%,TOV% 
241,VAN,126,9,.263,3.0,34.2 
242,DEN,4,2,.000,0.0,40.0 
243,BOS,659,32,.322,1.9,16.5 
244,PHO,1245,48,.269,1.9,11.9 
245,SEA,331,26,.553,1.8,9.6 
246,DEN,1937,50,.383,2.0,11.8 
247,TOR,1106,49,.408,2.5,15.0 
248,NJN,269,22,.118,1.8,19.5 
249,WAS,427,35,.209,2.4,17.0 
250,IND,244,13,.327,2.7,16.8 
251,PHI,959,50,.262,3.6,17.7 
252,ATL,348,34,.276,0.3,11.2 
253,BOS,1551,41,.149,2.3,10.6 
254,DEN,70,14,.071,0.0,12.2 
255,PHO,53,11,.000,3.0,23.1 
256,HOU,249,29,.367,1.5,11.4 
257,CHH,469,38,.739,1.0,14.9 
258,SAC,35,4,.000,0.0,26.7 
259,IND,1787,50,.368,1.2,8.9 
260,GSW,1395,47,.212,1.5,10.5 
Rk,Tm,MP,G,FTr,STL%,TOV% 
261,MIA,29,1,.250,2.0,25.3 
262,BOS,765,44,.235,1.4,14.4 
263,MIN,1344,50,.316,1.4,5.4 
264,HOU,1456,49,.272,1.6,14.8 
265,PHI,121,26,.500,2.2,19.0 
266,DET,577,46,.400,1.2,14.5 
267,DET,6,2,2.000,0.0,0.0 
268,PHO,535,44,.309,1.6,11.0 
269,MIA,1753,46,.667,1.1,14.5 
270,IND,1179,50,.248,2.2,12.7 
271,NJN,401,15,.228,2.9,18.8 
272,NJN,1,1,.000,0.0,50.0 
273,LAC,1317,50,.272,2.4,13.3 
274,WAS,653,36,.177,1.7,10.2 
275,ATL,1829,50,.843,0.5,16.9 
276,VAN,27,4,1.000,0.0,14.8 
277,DAL,1269,40,.146,1.6,19.9 
278,LAC,1288,50,.328,3.2,10.3 
279,MIN,30,2,.167,0.0,7.2 
280,CLE,949,50,.335,1.6,12.5 
Rk,Tm,MP,G,FTr,STL%,TOV% 
281,SEA,140,12,.400,2.7,25.4 
282,DAL,958,47,.381,1.6,15.7 
283,DET,165,18,.143,0.7,11.8 
284,POR,311,36,.422,0.7,12.5 
285,LAL,1705,49,.563,1.1,10.0 
286,TOR,1633,50,.254,1.5,20.9 
287,HOU,1784,50,.375,2.5,14.1 
288,PHO,11,2,.000,0.0,0.0 
289,TOT,72,8,.500,2.1,14.9 
289,SAC,68,7,.385,2.2,16.5 
289,ORL,4,1,2.000,0.0,0.0 
290,LAC,1279,45,.296,1.1,15.9 
291,UTA,1340,48,.582,0.5,14.7 
292,ORL,851,31,.526,2.5,23.4 
293,TOT,244,24,.238,1.1,17.7 
293,ORL,33,6,.500,1.6,17.0 
293,NJN,174,8,.246,0.9,19.2 
293,PHI,37,10,.000,1.5,11.8 
294,SEA,451,21,.212,1.4,15.5 
295,DAL,468,25,.506,2.3,18.7 
296,PHI,3,2,.000,0.0,0.0 
297,VAN,1118,48,.200,1.3,14.1 
298,MIN,284,35,.371,3.5,16.3 
299,LAL,144,24,.608,1.8,15.7 
300,SEA,2008,50,.299,2.9,12.9 
Rk,Tm,MP,G,FTr,STL%,TOV% 
301,MIN,810,28,.151,2.3,11.6 
302,SAS,445,37,.433,1.1,23.5 
303,IND,789,48,.300,1.1,8.9 
304,TOT,290,35,.136,3.7,23.7 
304,MIL,47,5,.118,4.7,10.1 
304,NJN,243,30,.140,3.5,26.0 
305,CHH,990,50,.111,1.1,11.9 
306,CLE,1342,45,.121,1.5,8.2 
307,CHH,1574,43,.338,2.0,13.9 
308,LAC,1242,49,.245,1.9,10.3 
309,BOS,1632,48,.301,2.6,13.4 
310,HOU,2011,50,.303,2.6,18.8 
311,SAC,259,16,.377,1.5,6.6 
312,SEA,1481,48,.263,0.7,10.9 
313,IND,26,4,.143,0.0,11.8 
314,MIA,1365,50,.400,2.0,14.5 
315,TOT,1394,50,.376,1.3,17.2 
315,CLE,467,17,.389,1.3,15.9 
315,BOS,927,33,.371,1.4,17.8 
316,HOU,806,40,.295,2.2,21.8 
317,PHI,1627,50,.547,1.5,15.0 
318,CHH,708,44,.212,1.3,22.4 
319,VAN,702,25,.462,1.0,13.5 
320,DET,112,11,.667,2.0,20.5 
Rk,Tm,MP,G,FTr,STL%,TOV% 
321,DET,935,47,.454,1.6,14.7 
322,TOT,1029,41,.495,1.9,13.1 
322,CHH,556,16,.497,2.1,12.0 
322,LAL,473,25,.491,1.7,14.9 
323,PHO,99,12,.278,2.7,11.0 
324,TOT,156,13,.481,1.7,24.1 
324,HOU,33,3,.750,1.6,32.0 
324,VAN,123,10,.432,1.8,22.3 
325,LAL,985,27,.227,0.9,9.4 
326,LAC,130,11,.111,1.7,19.2 
327,WAS,1912,50,.365,1.8,12.7 
328,POR,1385,47,.243,1.0,12.4 
329,BOS,337,35,.574,1.4,27.8 
330,HOU,33,6,.615,0.0,19.5 
331,PHO,1740,50,.372,2.3,10.7 
332,SAS,1554,49,.689,2.4,13.6 
333,MIL,1579,47,.213,1.6,11.4 
334,TOT,506,31,.222,2.3,17.8 
334,LAC,280,14,.276,2.7,12.7 
334,MIN,226,17,.161,1.9,23.1 
335,LAL,657,23,.848,0.8,32.9 
336,POR,8,2,2.000,0.0,0.0 
337,LAC,968,47,.340,2.6,16.2 
338,LAL,315,36,.608,0.3,17.3 
339,IND,1238,49,.319,2.2,11.3 
340,SAS,608,47,.726,3.6,17.4 
Rk,Tm,MP,G,FTr,STL%,TOV% 
341,UTA,1770,50,.365,2.4,12.3 
342,POR,1349,50,.366,1.4,13.3 
343,VAN,39,6,.182,2.8,14.4 
344,ORL,143,19,.276,0.4,19.7 
345,BOS,67,16,.250,0.0,36.0 
346,SEA,1765,50,.443,1.2,13.6 
347,TOT,738,36,.146,1.1,7.7 
347,NYK,206,15,.071,0.8,8.0 
347,MIN,532,21,.172,1.2,7.7 
348,MIN,731,31,.264,2.2,11.3 
349,NJN,88,9,.900,2.4,26.4 
350,CHH,367,32,.322,0.7,20.8 
351,POR,5,1,.000,0.0,50.0 
352,PHI,14,9,.000,0.0,20.0 
353,ATL,185,18,.333,0.9,13.5 
354,ORL,19,5,.000,2.8,37.5 
355,CHI,1448,50,.747,1.4,14.3 
356,PHO,25,4,.500,4.3,33.0 
357,LAC,258,21,.465,2.1,18.2 
358,TOR,263,30,1.049,0.6,17.4 
359,LAC,317,23,.165,2.9,16.1 
360,MIN,1418,43,.360,1.2,9.8 
Rk,Tm,MP,G,FTr,STL%,TOV% 
361,VAN,1098,48,.889,2.3,23.0 
362,ATL,1314,36,.417,1.5,13.4 
363,IND,1271,49,.209,0.8,9.8 
364,PHI,1716,48,.431,3.2,21.1 
365,GSW,159,26,.788,1.7,16.8 
366,NYK,1233,37,.369,2.1,11.6 
367,CLE,199,18,.541,0.6,16.4 
368,DET,1188,42,.506,1.6,16.9 
369,GSW,1686,50,.137,2.2,9.7 
370,SEA,313,23,.320,1.7,18.3 
371,TOR,394,42,.472,0.5,15.8 
372,DEN,1194,46,.245,1.2,12.3 
373,UTA,1410,50,.412,3.2,18.5 
374,SAC,1025,48,.198,2.0,11.6 
375,POR,1673,50,.194,1.6,13.9 
376,DAL,567,33,.294,3.8,12.6 
377,MIA,357,32,.257,1.1,10.4 
378,WAS,1632,44,.391,2.5,16.7 
379,ORL,695,44,.550,1.2,14.2 
380,DAL,11,3,.000,0.0,12.5 
Rk,Tm,MP,G,FTr,STL%,TOV% 
381,CLE,841,50,.490,3.0,20.8 
382,DEN,724,36,.116,2.1,14.0 
383,LAC,1505,46,.305,0.6,13.5 
384,TOR,593,39,.390,1.6,12.7 
385,NYK,1182,50,.293,2.1,14.9 
386,TOT,812,50,.401,1.8,12.3 
386,PHI,188,17,.358,0.9,16.2 
386,MIL,624,33,.415,2.0,11.0 
387,WAS,1539,49,.241,1.5,15.3 
388,MIL,786,49,.398,3.1,15.1 
389,DAL,1362,45,.390,1.1,8.6 
390,DEN,1802,50,.228,1.2,12.5 
391,NJN,1576,42,.396,1.4,13.1 
392,NJN,103,10,.417,1.0,27.9 
393,UTA,87,19,.800,3.2,25.7 
394,DET,481,37,.090,1.7,9.5 
395,LAC,12,2,.000,0.0,0.0 
396,BOS,1549,42,.275,2.1,12.6 
397,DAL,568,39,.516,0.9,13.7 
398,WAS,1231,46,.663,2.2,12.3 
399,TOR,812,48,.424,0.8,14.3 
400,POR,1414,49,.376,1.8,12.6 
Rk,Tm,MP,G,FTr,STL%,TOV% 
401,MIA,506,33,.242,1.1,23.3 
402,NYK,1556,50,.234,3.7,26.2 
403,DEN,761,38,.174,1.7,14.7 
404,MIA,18,3,.000,0.0,33.3 
405,MIA,1040,49,.542,1.5,15.7 
406,SAC,1719,42,.224,1.7,14.8 
407,POR,35,7,.900,1.5,17.7 
408,CHI,451,38,.124,1.6,8.3 
409,CHH,1848,50,.350,2.9,18.4 
410,VAN,294,14,.385,2.9,13.6 
411,ATL,499,49,.763,0.5,17.7 
412,VAN,590,46,.285,2.4,18.1 
413,DEN,3,1,2.000,0.0,0.0 
414,WAS,191,20,1.094,0.8,25.2 
415,WAS,441,39,.199,2.2,17.5 
416,ORL,252,27,.318,0.9,13.3 
417,ORL,28,3,.222,0.0,23.3 
418,SEA,458,40,.602,1.6,16.2 
419,TOR,1051,50,.219,2.6,17.7 
420,SAS,4,3,0.0,0.0,0.0 
Rk,Tm,MP,G,FTr,STL%,TOV% 
421,DEN,780,38,.635,1.8,14.9 
422,NYK,34,6,.250,0.0,18.4 
423,DAL,403,25,.303,1.7,25.8 
424,SAC,1805,50,.170,2.6,17.7 
425,NJN,1020,30,.390,1.2,15.3 
426,DET,1154,50,.641,3.0,11.4 
427,TOR,15,2,.000,0.0,16.7 
428,DEN,6,1,1.000,0.0,0.0 
429,TOT,46,7,.412,3.6,16.6 
429,PHI,17,2,.000,6.4,50.0 
429,MIL,29,5,.467,1.9,10.0 
430,ATL,4,2,4.000,0.0,0.0 
431,CHH,62,8,.308,1.7,28.9 
432,POR,1044,48,.308,1.9,13.8 
433,SAC,1374,50,.339,1.1,10.5 
434,TOR,1216,42,.347,1.2,14.3 
435,NYK,92,20,.000,2.4,27.3 
436,MIN,5,1,0.0,0.0,0.0 
437,CHH,12,3,2.000,0.0,0.0 
438,MIL,815,29,.276,2.2,24.8 
439,LAC,1135,48,.450,1.2,13.4 
