Rk,Tm,MP,G,FTr,STL%,TOV% 
1,POR,934,71,.280,1.3,14.0 
2,DEN,1538,81,.128,1.4,11.6 
3,ORL,926,68,.444,1.3,15.5 
4,WSB,2795,78,.292,2.5,13.2 
5,NJN,1175,76,.176,1.2,9.0 
6,DET,1582,75,.292,1.7,10.6 
7,POR,1595,81,.194,2.2,8.7 
8,GSW,1350,80,.325,1.5,14.8 
9,DEN,2793,82,.314,1.5,17.1 
10,NJN,1086,64,.204,3.0,15.6 
11,ORL,2203,60,.291,2.2,9.7 
12,PHI,2432,82,.162,1.8,9.2 
13,SAS,1889,57,.201,1.4,15.8 
14,TOT,45,10,.333,0.0,12.7 
14,PHI,32,8,.545,0.0,18.0 
14,CHH,13,2,.000,0.0,0.0 
15,NYK,1510,82,.363,2.0,16.3 
16,CHI,1875,82,.185,1.2,11.1 
17,GSW,1496,80,.422,1.5,15.7 
18,MIA,843,59,.180,2.3,17.5 
19,ATL,2505,82,.356,2.4,14.8 
20,UTA,112,31,.652,0.9,11.9 
Rk,Tm,MP,G,FTr,STL%,TOV% 
21,MIA,35,9,.615,1.4,23.2 
22,BOS,1742,73,.188,1.6,21.3 
23,TOT,2104,84,.323,0.8,10.2 
23,UTA,327,13,.545,0.8,14.4 
23,MIN,1777,71,.293,0.9,9.5 
24,SAS,1,1,0.0,0.0,0.0 
25,PHI,2881,75,.580,2.4,14.3 
26,SEA,1331,75,.160,1.9,9.6 
27,CLE,1637,76,.259,1.1,11.0 
28,TOT,92,16,.706,1.0,15.2 
28,BOS,46,8,2.000,1.1,21.0 
28,GSW,46,8,.308,1.0,11.9 
29,DET,363,32,.182,0.9,10.3 
30,SEA,1941,63,.336,1.0,17.1 
31,TOT,833,54,.237,1.2,12.4 
31,CLE,831,52,.239,1.2,12.5 
31,MIA,2,2,.000,0.0,0.0 
32,UTA,1161,77,.267,0.8,14.5 
33,BOS,1662,45,.214,1.3,13.1 
34,DAL,2527,75,.229,1.0,10.7 
35,DET,189,43,.200,3.9,19.0 
36,NJN,2548,72,.178,3.3,12.4 
37,CHH,2790,82,.179,2.9,17.7 
38,PHI,1267,71,.203,0.4,22.7 
39,SAC,2287,79,.366,2.0,14.8 
40,ORL,1721,52,.215,1.6,13.4 
Rk,Tm,MP,G,FTr,STL%,TOV% 
41,NJN,2179,71,.296,0.9,12.3 
42,CLE,1605,82,.206,2.6,17.2 
43,MIN,1176,67,.224,1.2,9.8 
44,MIL,1556,65,.279,1.9,14.6 
45,DEN,270,37,.216,1.4,14.5 
46,MIN,1082,82,.168,3.1,11.3 
47,TOT,431,42,.383,1.4,16.2 
47,CLE,50,6,.800,3.0,12.9 
47,LAL,381,36,.347,1.2,16.6 
48,BOS,883,31,.223,1.9,13.3 
49,UTA,1783,82,.584,1.2,14.6 
50,MIN,23,4,.000,2.2,40.0 
51,SAC,535,56,.343,3.2,17.8 
52,TOT,655,57,.265,2.3,11.2 
52,LAC,254,22,.326,2.3,12.1 
52,SEA,401,35,.231,2.3,10.6 
53,POR,800,56,.303,1.6,11.8 
54,TOT,290,28,.296,3.2,13.9 
54,NJN,29,2,.000,3.4,11.1 
54,SAS,140,11,.300,2.9,12.8 
54,GSW,121,15,.364,3.5,15.5 
55,HOU,1278,80,.112,1.0,10.7 
56,MIA,1585,68,.394,1.4,14.0 
57,PHO,356,31,.338,2.2,15.2 
58,SEA,2461,82,.315,2.0,11.2 
59,LAL,58,7,.167,0.9,20.6 
60,LAL,1876,81,.454,1.5,11.0 
Rk,Tm,MP,G,FTr,STL%,TOV% 
61,MIN,2441,78,.263,1.7,11.5 
62,SAS,1867,81,.290,0.9,12.1 
63,CHI,1471,64,.357,0.8,12.7 
64,ORL,2430,78,.375,1.2,11.4 
65,SAC,2291,80,.488,1.0,18.3 
66,PHO,725,64,.405,1.1,14.2 
67,PHO,1948,69,.314,1.4,8.4 
68,TOT,567,22,.210,1.3,14.0 
68,CHH,545,21,.221,1.2,13.8 
68,WSB,22,1,.000,2.2,20.0 
69,ATL,1086,56,.173,3.7,11.8 
70,SAC,817,69,.112,1.9,13.5 
71,NJN,2207,65,.410,1.2,18.0 
72,MIA,1976,81,.404,1.8,17.9 
73,SEA,381,45,.317,1.2,19.0 
74,MIL,1420,81,.481,3.4,21.4 
75,DEN,115,22,.240,2.1,9.8 
76,POR,344,35,.134,0.6,14.7 
77,SAS,132,33,.325,0.8,14.9 
78,LAC,48,10,.087,2.1,14.3 
79,TOT,2207,80,.319,1.9,11.9 
79,MIN,344,11,.373,1.8,13.6 
79,UTA,1863,69,.303,1.9,11.4 
80,ORL,741,51,.539,3.0,23.7 
Rk,Tm,MP,G,FTr,STL%,TOV% 
81,UTA,328,51,.161,1.1,9.8 
82,SAS,2149,70,.236,1.3,9.0 
83,CHH,2020,77,.146,2.2,10.8 
84,SEA,98,11,.432,2.6,18.5 
85,CLE,2643,73,.528,1.2,12.9 
86,DAL,429,33,.174,1.3,22.6 
87,IND,1301,64,.545,1.0,12.4 
88,DAL,2149,68,.537,0.6,15.1 
89,DEN,741,46,.233,1.9,9.2 
90,PHI,2815,82,.206,1.6,15.7 
91,ORL,905,48,.438,2.2,18.2 
92,LAL,979,36,.353,2.9,19.4 
93,TOT,1075,58,.351,0.4,14.5 
93,DAL,994,44,.370,0.4,13.4 
93,NYK,81,14,.111,0.0,27.0 
94,TOT,752,42,.423,1.7,18.5 
94,MIA,98,5,.226,2.0,19.0 
94,BOS,654,37,.450,1.6,18.4 
95,IND,509,60,.460,1.0,22.9 
96,POR,2751,76,.342,2.4,12.4 
97,POR,2222,82,.288,0.8,13.9 
98,NJN,1902,82,.362,1.0,12.6 
99,DET,3192,82,.362,1.2,11.3 
100,WSB,1463,65,.246,1.6,8.2 
Rk,Tm,MP,G,FTr,STL%,TOV% 
101,UTA,2023,81,.363,0.9,17.7 
102,NYK,13,4,.000,0.0,0.0 
103,UTA,2283,81,.176,1.8,12.0 
104,LAC,1437,72,.504,0.8,9.9 
105,MIA,1840,81,.267,2.6,13.0 
106,CLE,2016,63,.180,2.0,12.3 
107,GSW,1677,79,.429,1.9,14.1 
108,SAS,3120,82,.318,1.3,11.4 
109,MIL,2191,81,.205,1.3,9.5 
110,LAC,103,29,.380,2.9,15.9 
111,WSB,2511,66,.308,1.2,14.5 
112,WSB,1665,81,.208,0.9,8.8 
113,NYK,3150,82,.335,1.4,10.7 
114,NJN,175,34,.247,0.6,18.2 
115,ATL,1598,66,.345,1.5,12.0 
116,CLE,937,68,.223,1.2,11.3 
117,IND,1737,82,.293,1.6,16.9 
118,HOU,1662,82,.241,1.7,14.1 
119,WSB,548,49,.254,0.5,14.4 
120,BOS,1535,81,.350,2.5,16.9 
Rk,Tm,MP,G,FTr,STL%,TOV% 
121,MIN,140,10,.455,1.8,11.2 
122,CHH,852,66,.249,2.2,12.4 
123,BOS,2496,82,.173,1.5,9.0 
124,DEN,2209,78,.265,2.2,17.3 
125,TOT,549,40,.182,3.3,22.2 
125,SAS,374,19,.172,2.8,23.1 
125,MIN,112,15,.242,3.2,21.5 
125,DAL,63,6,.118,6.5,18.3 
126,GSW,612,54,.529,2.4,14.8 
127,CHH,2223,82,.357,1.3,13.2 
128,NJN,1037,70,.275,1.9,15.9 
129,CHH,2906,79,.267,2.5,10.1 
130,PHI,2771,81,.425,0.9,12.3 
131,MIN,1822,75,.144,1.8,10.0 
132,CHH,499,35,.141,1.0,8.6 
133,HOU,2,1,0.0,0.0,0.0 
134,ATL,1718,78,.249,2.7,10.7 
135,CHH,25,3,2.500,1.9,26.3 
136,LAC,2049,78,.091,3.3,23.2 
137,TOT,891,68,.107,2.6,16.3 
137,CHH,57,13,.250,6.6,36.0 
137,PHI,834,55,.101,2.3,15.3 
138,WSB,2388,64,.215,1.5,8.9 
139,CHI,2859,81,.401,1.8,9.5 
140,MIL,1659,82,.222,1.9,12.2 
Rk,Tm,MP,G,FTr,STL%,TOV% 
141,LAL,2902,82,.569,1.6,10.0 
142,BOS,367,26,.175,2.3,14.0 
143,IND,256,35,.177,2.5,13.7 
144,SAS,1127,80,.259,1.3,13.9 
145,LAL,394,49,.345,0.9,20.5 
146,WSB,984,37,.205,1.1,11.7 
147,TOT,809,68,.124,1.7,13.0 
147,SAC,40,2,.000,1.2,0.0 
147,CHI,769,66,.130,1.7,13.5 
148,GSW,3332,81,.244,2.3,13.2 
149,DAL,2252,65,.258,2.3,12.0 
150,LAC,3144,82,.308,2.4,14.7 
151,DEN,421,40,.560,1.2,26.1 
152,PHI,3013,81,.409,2.7,12.4 
153,TOT,96,16,.344,1.6,17.8 
153,HOU,34,8,.545,0.0,22.7 
153,DET,62,8,.238,2.5,14.7 
154,MIL,386,50,.201,2.0,20.3 
155,HOU,566,43,.273,1.4,17.0 
156,GSW,535,25,.280,1.3,6.0 
157,TOT,616,38,.130,1.3,12.3 
157,SAS,36,6,.467,2.8,18.1 
157,ORL,580,32,.111,1.2,11.9 
158,GSW,1886,82,.483,1.8,15.2 
159,DAL,1058,51,.457,1.2,16.0 
160,CHI,555,56,.070,1.3,8.1 
Rk,Tm,MP,G,FTr,STL%,TOV% 
161,PHI,40,11,1.429,0.0,20.8 
162,TOT,1314,71,.427,2.5,12.4 
162,CHI,10,2,.000,5.1,0.0 
162,SAC,1304,69,.428,2.4,12.5 
163,PHO,3078,81,.254,2.5,11.0 
164,DAL,318,27,.298,1.8,11.3 
165,MIL,2261,71,.310,2.6,14.0 
166,CHH,1,1,0.0,0.0,0.0 
167,DAL,1280,52,.361,1.3,18.3 
168,GSW,54,5,.261,1.7,13.5 
169,NYK,2461,81,.297,2.4,20.0 
170,HOU,378,48,.141,2.3,10.6 
171,CLE,866,65,.189,0.9,9.0 
172,SAC,87,31,.458,0.6,9.4 
173,TOT,1235,69,.306,2.5,22.7 
173,SAS,463,20,.296,2.3,26.9 
173,HOU,772,49,.311,2.6,20.5 
174,HOU,2202,80,.226,1.7,13.0 
175,SEA,2366,81,.290,1.2,9.0 
176,PHO,2899,78,.493,1.9,16.6 
177,CHH,3047,82,.325,1.3,10.0 
178,SAS,1350,60,.170,1.5,12.1 
179,WSB,1365,75,.444,1.5,26.6 
180,CHI,3102,80,.325,3.0,8.8 
Rk,Tm,MP,G,FTr,STL%,TOV% 
181,SEA,1808,64,.503,1.9,15.1 
182,CLE,847,48,.228,1.6,10.6 
183,POR,2553,77,.308,2.2,13.5 
184,MIA,1197,77,.300,0.7,11.8 
185,LAC,277,34,.279,1.8,10.7 
186,WSB,59,6,.267,2.5,5.6 
187,SEA,213,40,.634,0.9,16.5 
188,CHI,1268,79,.372,0.8,13.3 
189,ORL,1479,72,.316,1.0,19.9 
190,BOS,991,70,.164,1.2,7.9 
191,PHO,631,42,.221,1.8,19.6 
192,SEA,239,44,.491,0.4,23.7 
193,ATL,1489,77,.102,1.6,15.4 
194,MIL,1848,79,.256,1.5,13.5 
195,DET,2234,81,.103,1.2,11.8 
196,TOT,177,14,.587,0.6,19.5 
196,DEN,141,9,.475,0.7,17.1 
196,IND,30,3,1.200,0.0,28.2 
196,MIL,6,2,2.000,0.0,34.7 
197,PHO,1965,81,.345,1.2,13.7 
198,CHH,716,59,.331,0.6,18.1 
199,NJN,307,46,.164,1.8,8.8 
200,ATL,13,5,.333,3.8,12.7 
Rk,Tm,MP,G,FTr,STL%,TOV% 
201,SAC,712,62,.245,2.1,16.5 
202,DAL,884,31,.229,2.6,8.6 
203,CHI,1020,79,.382,1.3,12.5 
204,BOS,3070,82,.246,2.0,8.1 
205,DEN,1527,75,.290,2.1,11.4 
206,DEN,1176,68,.314,1.8,14.4 
207,GSW,293,26,.418,0.8,17.6 
208,MIL,1081,70,.114,1.9,10.8 
209,MIA,3063,82,.454,2.2,14.8 
210,MIN,991,66,.321,1.8,22.6 
211,CHH,819,55,.206,2.1,15.3 
212,DEN,2304,76,.208,3.3,13.8 
213,PHO,2853,82,.263,2.2,7.3 
214,UTA,2922,81,.211,1.0,8.7 
215,UTA,3054,81,.571,1.8,11.6 
216,MIL,2511,82,.543,1.5,11.5 
217,LAC,2904,82,.321,2.3,13.3 
218,GSW,2117,72,.523,2.5,14.7 
219,NYK,2198,82,.652,1.1,16.4 
220,TOT,90,18,.600,0.5,22.2 
220,SAS,9,1,.000,0.0,0.0 
220,CHH,13,3,.667,3.6,50.8 
220,BOS,46,7,.444,0.0,15.7 
220,GSW,22,7,1.125,0.0,20.1 
Rk,Tm,MP,G,FTr,STL%,TOV% 
221,HOU,2700,80,.220,1.9,11.8 
222,TOT,255,24,.364,3.2,21.3 
222,PHI,215,21,.319,3.3,20.7 
222,LAC,40,3,1.200,2.5,28.2 
223,ATL,32,2,.143,0.0,16.8 
224,DET,129,26,.394,2.4,15.3 
225,IND,892,51,.204,1.4,15.4 
226,NYK,108,22,.636,1.0,15.9 
227,DAL,2106,75,.246,1.2,14.3 
228,NYK,2344,82,.188,1.3,11.7 
229,BOS,1398,56,.257,0.4,10.4 
230,SEA,1757,52,.368,1.7,14.0 
231,NYK,9,2,.000,0.0,0.0 
232,SEA,1652,72,.207,3.9,20.2 
233,IND,3120,82,.459,1.6,10.4 
234,NJN,1714,82,.227,1.4,10.0 
235,MIN,2151,82,.367,1.2,10.3 
236,ATL,313,38,.160,1.9,13.0 
237,DAL,782,42,.240,2.1,10.9 
238,NJN,2394,77,.318,2.6,17.1 
239,TOT,270,25,.409,2.4,20.3 
239,CLE,54,4,.750,0.9,20.0 
239,MIA,216,21,.358,2.7,20.4 
240,GSW,3346,81,.265,2.4,10.2 
Rk,Tm,MP,G,FTr,STL%,TOV% 
241,UTA,478,50,.333,3.2,19.2 
242,MIN,429,47,.425,1.1,15.9 
243,PHO,545,52,.368,1.9,18.5 
244,DEN,2716,71,.575,0.8,18.8 
245,CLE,2880,81,.310,1.4,6.9 
246,PHO,505,52,.198,1.5,11.4 
247,CHI,9,4,.000,0.0,50.0 
248,CHH,1651,55,.498,2.0,14.6 
249,LAC,2009,77,.275,1.3,9.8 
250,NYK,2309,82,.291,1.5,21.3 
251,MIA,367,43,.357,0.7,16.4 
252,HOU,2636,70,.364,2.4,12.0 
253,PHI,279,34,.220,1.8,18.0 
254,CLE,252,27,.224,1.8,7.7 
255,GSW,2510,80,.350,1.7,14.8 
256,LAL,80,20,.313,3.2,5.2 
257,POR,894,72,.467,2.2,21.9 
258,BOS,2285,79,.265,1.5,11.8 
259,CHI,1946,79,.076,1.3,8.0 
260,PHI,353,49,.090,2.3,11.2 
Rk,Tm,MP,G,FTr,STL%,TOV% 
261,SEA,2549,81,.202,2.9,17.9 
262,CHI,1007,77,.327,0.8,18.5 
263,LAL,2332,63,.463,1.4,7.9 
264,TOT,437,50,.318,3.7,25.4 
264,LAC,66,10,.133,6.8,45.0 
264,CHH,371,40,.342,3.2,22.0 
265,PHO,2483,80,.272,0.9,13.8 
266,IND,2923,81,.153,1.1,13.6 
267,GSW,169,27,.250,1.4,10.1 
268,NJN,3027,82,.218,1.7,13.0 
269,CLE,65,10,.393,2.3,19.6 
270,SEA,2658,78,.348,1.6,11.1 
271,BOS,1917,81,.675,1.8,13.0 
272,CHI,3164,82,.319,2.5,14.0 
273,LAC,1834,76,.428,1.2,12.9 
274,MIL,26,5,.286,3.9,33.7 
275,POR,2784,82,.326,2.2,12.7 
276,SAS,759,56,.255,1.9,26.3 
277,CLE,2138,72,.318,2.2,13.5 
278,BOS,136,11,.529,1.1,20.8 
279,TOT,326,39,.210,2.5,10.6 
279,NYK,190,24,.192,1.9,9.2 
279,DAL,136,15,.235,3.4,12.4 
280,PHO,381,28,.220,1.5,21.8 
Rk,Tm,MP,G,FTr,STL%,TOV% 
281,TOT,441,54,.289,1.4,13.0 
281,CHI,67,15,.364,0.0,19.0 
281,MIN,374,39,.276,1.6,11.8 
282,ATL,1968,81,.055,0.9,6.4 
283,CHH,1257,51,.437,1.8,13.9 
284,ORL,1159,46,.365,2.7,13.8 
285,MIA,3007,79,.222,1.5,8.4 
286,MIN,2922,82,.141,2.1,13.2 
287,SAC,3095,80,.277,1.4,13.1 
288,LAC,122,15,.367,2.9,32.8 
289,LAC,1657,59,.368,3.3,12.9 
290,MIL,1746,80,.265,1.5,14.5 
291,ORL,1118,55,.439,1.0,12.8 
292,MIL,2463,82,.215,4.3,18.1 
293,LAL,78,9,.296,3.3,18.7 
294,POR,2124,82,.386,1.9,13.4 
295,SAS,2564,68,.522,3.1,12.1 
296,BOS,6,1,.000,0.0,16.7 
297,ATL,2220,81,.296,2.3,16.4 
298,DET,3301,82,.220,1.1,16.7 
299,HOU,697,59,.349,1.0,15.4 
300,SAS,718,60,.747,1.7,14.2 
Rk,Tm,MP,G,FTr,STL%,TOV% 
301,UTA,538,65,.223,1.4,19.2 
302,PHI,209,13,.421,1.7,30.8 
303,DET,1774,72,.535,1.4,14.5 
304,WSB,108,10,.207,1.4,24.0 
305,ATL,117,12,.200,2.1,9.3 
306,TOT,633,31,.292,1.9,10.8 
306,IND,81,10,.273,1.2,19.6 
306,CLE,552,21,.295,2.0,9.2 
307,MIL,726,43,.482,1.3,14.5 
308,TOT,61,11,1.333,2.4,6.5 
308,SAC,15,4,3.000,0.0,0.0 
308,DEN,46,7,.857,3.2,9.4 
309,SAC,400,33,.103,0.7,13.4 
310,IND,2605,80,.477,1.2,14.6 
311,LAL,2679,82,.290,2.0,9.5 
312,ORL,608,18,.215,1.6,7.9 
313,MIA,2800,79,.533,0.7,15.6 
314,DET,226,43,.295,0.2,13.1 
315,PHI,1399,72,.225,1.4,11.8 
316,TOT,1423,63,.177,2.0,15.2 
316,BOS,436,17,.244,1.4,15.0 
316,MIA,987,46,.146,2.2,15.3 
317,SAC,2895,78,.314,2.2,14.2 
318,ORL,2377,75,.319,1.5,19.1 
319,LAC,1310,49,.501,1.6,9.5 
320,DAL,1707,76,.172,1.8,11.4 
Rk,Tm,MP,G,FTr,STL%,TOV% 
321,HOU,2735,81,.278,1.9,18.2 
322,WSB,708,48,.228,3.1,18.9 
323,HOU,800,45,.120,1.3,31.2 
324,ORL,877,55,.286,2.0,14.8 
325,MIA,1806,61,.194,1.6,17.6 
326,LAL,820,63,.265,2.5,13.7 
327,IND,1772,74,.226,0.8,12.2 
328,GSW,3,2,0.0,0.0,0.0 
329,TOT,489,46,.086,1.3,17.4 
329,CHI,18,4,.000,0.0,20.0 
329,LAL,471,42,.091,1.3,17.2 
330,MIN,1481,61,.538,0.9,14.6 
331,NYK,2118,82,.335,2.5,12.7 
332,WSB,2229,76,.395,1.1,13.9 
333,UTA,3002,82,.390,4.1,20.6 
334,SAS,2053,57,.402,2.9,17.1 
335,WSB,12,1,1.000,0.0,14.8 
336,POR,17,4,.333,2.9,12.7 
337,MIA,8,3,.000,0.0,0.0 
338,SAS,601,67,.188,2.2,21.2 
339,LAL,1602,82,.245,2.1,11.3 
340,SAC,31,1,.167,1.6,7.2 
Rk,Tm,MP,G,FTr,STL%,TOV% 
341,DET,156,36,.294,1.3,22.8 
342,DET,2918,78,.299,2.1,15.0 
343,GSW,1,1,0.0,0.0,0.0 
344,IND,1299,80,.198,1.9,20.1 
345,TOT,91,19,.216,3.2,11.0 
345,ORL,15,1,.000,0.0,40.0 
345,SAC,76,18,.235,3.8,7.4 
346,UTA,6,2,.286,0.0,0.0 
347,HOU,3056,82,.491,0.9,17.1 
348,LAL,3070,82,.233,2.8,13.7 
349,SAC,2521,72,.190,1.1,9.9 
350,GSW,310,35,.465,1.5,16.2 
351,SAS,415,24,.155,2.5,9.2 
352,WSB,871,70,.295,3.2,22.2 
353,ORL,1591,75,.228,0.7,16.2 
354,HOU,345,42,.602,0.9,20.5 
355,NYK,956,67,.211,0.8,6.1 
356,LAC,1687,79,.125,1.1,10.2 
357,DAL,9,1,.000,0.0,33.3 
358,ORL,885,39,.372,1.9,15.1 
359,ATL,1516,77,.348,2.1,13.5 
360,BOS,110,19,.375,0.0,21.2 
Rk,Tm,MP,G,FTr,STL%,TOV% 
361,DET,1541,74,.276,2.1,15.6 
362,SAC,2724,77,.303,2.2,16.7 
363,MIN,2540,80,.258,1.3,10.8 
364,PHO,1436,82,.552,0.5,17.5 
365,POR,209,23,.608,3.2,17.8 
366,DAL,1021,65,.424,1.5,13.0 
367,PHI,569,49,.223,1.8,9.0 
368,TOT,870,53,.181,2.6,22.4 
368,ORL,90,9,.179,2.2,20.9 
368,SAS,13,3,.000,0.0,0.0 
368,ATL,767,41,.188,2.8,23.1 
369,ATL,1601,42,.385,1.6,10.2 
370,NYK,2344,82,.165,1.7,9.9 
371,POR,2519,80,.520,1.2,15.8 
372,DAL,2040,75,.201,0.9,11.0 
373,CLE,2432,80,.529,1.2,9.0 
374,PHI,646,50,.427,1.6,15.2 
375,IND,565,60,.197,1.7,8.5 
376,IND,2750,79,.518,4.1,19.2 
377,DEN,2623,81,.211,2.7,11.0 
378,CHI,690,63,.430,1.0,14.6 
379,ATL,2962,81,.297,1.2,12.5 
380,TOT,81,19,.333,1.3,5.5 
380,HOU,17,4,.000,0.0,0.0 
380,NYK,64,15,.370,1.6,6.0 
Rk,Tm,MP,G,FTr,STL%,TOV% 
381,WSB,2127,81,.255,2.8,16.3 
382,IND,115,24,.105,0.8,13.1 
383,DEN,1160,67,.238,1.3,16.4 
384,DET,2113,82,.389,1.0,11.1 
385,LAL,2108,54,.203,1.9,10.4 
386,TOT,1023,62,.263,2.2,14.2 
386,POR,134,18,.350,2.2,9.8 
