Rk,Tm,MP,G,FTr,STL%,TOV% 
1,SAC,51,6,.286,1.0,6.0 
2,DET,970,75,.361,1.8,10.9 
3,TOT,165,26,.185,0.0,7.9 
3,DAL,77,12,.222,0.0,9.2 
3,NJN,88,14,.158,0.0,6.9 
4,MIA,177,12,.544,1.8,18.5 
5,POR,2649,76,.257,1.1,8.9 
6,TOT,1096,73,.076,0.9,11.7 
6,NJN,763,48,.050,1.0,10.7 
6,DAL,333,25,.182,0.6,15.4 
7,BOS,2624,73,.240,1.3,10.4 
8,BOS,1373,75,.465,2.4,18.9 
9,CLE,10,3,.500,0.0,0.0 
10,UTA,39,9,.400,1.3,10.2 
11,HOU,2526,74,.148,2.1,14.0 
12,PHI,64,16,.438,0.8,9.5 
13,NOH,34,5,.571,0.0,10.2 
14,CHA,396,28,.304,1.6,15.0 
15,DEN,2806,77,.398,1.7,12.7 
16,MIA,498,24,.817,1.0,17.2 
17,WAS,425,13,.490,2.9,17.1 
18,TOT,546,35,.551,2.9,12.0 
18,ORL,115,11,.484,2.2,11.7 
18,LAL,431,24,.571,3.0,12.0 
19,NJN,549,50,.273,2.7,25.0 
20,NOH,732,65,.473,1.1,24.8 
Rk,Tm,MP,G,FTr,STL%,TOV% 
21,ORL,1269,62,.293,1.1,16.4 
22,DEN,352,24,.074,1.2,7.4 
23,ORL,149,25,.235,1.7,13.8 
24,GSW,1732,81,.235,1.3,8.2 
25,NYK,952,65,.511,2.4,14.0 
26,TOT,569,36,.183,1.3,15.2 
26,PHO,310,24,.147,1.3,12.1 
26,MIA,259,12,.232,1.2,18.9 
27,PHO,2421,82,.209,1.5,9.5 
28,DAL,460,44,.206,1.6,15.9 
29,TOR,1861,78,.233,0.7,9.9 
30,GSW,1414,73,.179,1.6,15.1 
31,LAC,25,4,.400,0.0,14.5 
32,MIA,889,46,.266,1.1,11.6 
33,SAS,554,31,.125,1.7,9.6 
34,DAL,1557,79,.400,0.8,12.4 
35,TOR,103,15,.400,1.0,12.0 
36,HOU,2907,80,.163,1.4,10.5 
37,GSW,241,33,.097,1.0,11.0 
38,MIL,1628,68,.179,1.7,12.7 
39,PHO,2646,75,.121,1.0,7.6 
40,TOT,1573,48,.166,1.8,15.5 
40,SAC,473,15,.161,2.0,15.6 
40,ATL,1100,33,.168,1.7,15.5 
Rk,Tm,MP,G,FTr,STL%,TOV% 
41,GSW,2078,76,.344,1.3,12.0 
42,DET,2522,78,.498,2.2,13.0 
43,POR,2424,81,.100,1.2,14.5 
44,WAS,1675,82,.287,1.7,15.6 
45,MIA,1542,69,.268,1.1,10.8 
46,ORL,2198,82,.187,1.4,7.7 
47,MIL,2720,78,.354,1.2,14.1 
48,SAS,853,68,.151,0.9,11.2 
49,NJN,1773,70,.500,1.1,11.4 
50,PHI,204,31,.370,1.6,11.3 
51,UTA,2827,81,.303,1.8,12.5 
52,TOR,2425,67,.544,1.4,10.7 
53,SAS,2448,81,.161,1.2,9.1 
54,NOH,660,53,.290,2.6,11.7 
55,CHA,577,36,.343,1.2,17.2 
56,LAC,274,8,.412,0.6,11.2 
57,MIN,1803,79,.226,2.2,14.3 
58,UTA,2088,76,.405,3.2,8.5 
59,TOT,475,50,.426,0.3,17.7 
59,CHA,267,20,.116,0.0,24.9 
59,DET,98,17,1.077,1.1,20.7 
59,TOR,110,13,.553,0.5,7.8 
60,HOU,608,51,.218,1.1,15.1 
Rk,Tm,MP,G,FTr,STL%,TOV% 
61,MEM,286,33,.628,1.2,12.3 
62,CLE,1762,78,.267,1.6,14.3 
63,TOT,713,38,.690,1.6,21.6 
63,LAL,509,23,.621,1.6,22.0 
63,MEM,204,15,.872,1.5,20.6 
64,BOS,209,18,.390,1.3,17.2 
65,TOT,240,21,.230,2.4,14.7 
65,CLE,218,15,.207,2.4,13.6 
65,CHI,22,6,.400,2.3,22.1 
66,LAL,3192,82,.439,2.4,11.3 
67,MIN,520,31,.188,2.1,18.6 
68,WAS,2314,58,.278,3.0,12.4 
69,NOH,875,51,.119,0.9,3.5 
70,LAL,1008,35,.397,0.6,13.0 
71,TOR,2484,82,.170,1.9,14.2 
72,DEN,2758,79,.318,1.5,14.0 
73,MEM,440,37,.151,1.1,14.6 
74,PHI,1039,70,.207,2.0,7.4 
75,CHA,2016,80,.234,1.2,8.2 
76,DEN,1960,70,.179,2.6,19.5 
77,NJN,2959,76,.333,1.6,10.9 
78,TOT,1274,55,.271,1.5,14.0 
78,LAC,975,38,.296,1.5,14.7 
78,BOS,299,17,.192,1.6,11.9 
79,NOH,2783,79,.488,0.9,15.6 
80,NYK,685,35,.223,1.1,9.2 
Rk,Tm,MP,G,FTr,STL%,TOV% 
81,ATL,2274,76,.480,1.6,12.4 
82,UTA,702,70,.902,0.7,16.1 
83,TOT,1172,74,.655,1.0,24.8 
83,NJN,684,43,.667,0.8,24.8 
83,MEM,488,31,.644,1.2,24.8 
84,NYK,634,46,.217,2.0,22.6 
85,SEA,2223,78,.261,1.1,14.2 
86,MEM,1381,53,.278,1.6,15.2 
87,TOT,629,51,.090,1.1,13.8 
87,LAL,70,6,.190,1.4,14.9 
87,ORL,559,45,.080,1.0,13.7 
88,MIA,1441,59,.111,0.8,10.5 
89,NYK,3190,80,.274,1.3,11.0 
90,TOT,679,50,.446,1.4,16.5 
90,LAL,171,22,.528,2.1,25.2 
90,MEM,508,28,.422,1.2,13.4 
91,GSW,457,44,.234,0.9,12.7 
92,NYK,1530,59,.551,0.5,15.7 
93,PHI,2724,82,.398,0.8,16.6 
94,DAL,1755,72,.527,0.7,19.0 
95,WAS,2161,71,.490,1.7,14.3 
96,IND,1546,74,.248,2.5,15.3 
97,CHA,322,38,.224,1.1,11.0 
98,GSW,3196,82,.278,2.9,11.9 
99,BOS,940,69,.679,1.7,18.5 
100,LAC,194,22,.154,1.6,11.5 
Rk,Tm,MP,G,FTr,STL%,TOV% 
101,MIA,2963,82,.203,1.6,15.3 
102,TOR,1928,82,.247,1.9,9.7 
103,CHI,2128,63,.296,1.4,10.6 
104,PHO,2308,82,.200,1.3,18.1 
105,DEN,542,54,.231,0.7,9.8 
106,LAC,18,6,1.250,0.0,0.0 
107,LAC,1040,67,.277,1.6,14.2 
108,CLE,12,5,.000,0.0,0.0 
109,IND,1356,66,.165,1.3,10.7 
110,IND,305,30,.351,1.1,11.4 
111,TOT,1295,79,.389,1.1,21.6 
111,DAL,894,52,.348,1.2,24.1 
111,NJN,401,27,.462,0.8,17.0 
112,TOT,668,53,.101,1.7,16.7 
112,TOR,424,36,.119,2.6,17.2 
112,DET,244,17,.071,0.0,15.8 
113,MIN,257,24,.032,2.0,15.8 
114,ORL,1334,72,.456,1.4,10.7 
115,SAC,876,74,.155,1.7,14.2 
116,CHA,1384,73,.339,2.1,11.1 
117,CHI,1490,66,.233,1.7,15.8 
118,SAS,2651,78,.393,1.1,11.4 
119,IND,2953,82,.361,1.4,12.8 
120,TOT,21,5,.667,2.4,0.0 
120,DET,3,1,0.0,0.0,0.0 
120,SEA,18,4,.667,2.8,0.0 
Rk,Tm,MP,G,FTr,STL%,TOV% 
121,SEA,2768,80,.328,1.4,12.9 
122,GSW,3071,81,.340,2.0,10.9 
123,TOT,813,63,.157,1.0,15.7 
123,SAS,534,41,.162,0.9,15.9 
123,SEA,279,22,.148,1.1,15.4 
124,NOH,621,52,.322,0.6,17.0 
125,TOT,1720,75,.152,1.4,6.4 
125,LAL,96,7,.536,2.6,0.0 
125,ORL,1624,68,.132,1.3,6.8 
126,PHI,1879,81,.743,2.4,19.0 
127,LAL,1690,82,.124,2.3,14.0 
128,TOT,269,26,.268,1.6,12.4 
128,DAL,9,4,.000,0.0,0.0 
128,LAC,260,22,.286,1.6,13.0 
129,CHA,2972,79,.326,1.7,15.7 
130,UTA,70,9,.250,0.0,31.1 
131,SAS,2204,82,.105,0.7,6.6 
132,LAL,2249,82,.242,1.9,9.5 
133,TOR,1199,51,.239,2.4,15.0 
134,IND,1884,77,.389,1.5,12.4 
135,MIN,1259,39,.141,1.5,13.9 
136,ORL,774,82,.222,1.1,16.0 
137,LAC,163,10,.037,0.6,9.9 
138,HOU,199,10,.404,2.4,17.3 
139,POR,1342,78,.241,1.2,9.9 
140,MIL,534,51,.409,2.0,15.8 
Rk,Tm,MP,G,FTr,STL%,TOV% 
141,TOR,74,7,.000,2.2,3.8 
142,SAC,2096,79,.277,2.3,13.2 
143,CHI,45,4,.087,0.0,14.3 
144,BOS,2328,71,.339,2.3,10.8 
145,ORL,284,31,.063,1.1,17.1 
146,TOT,2351,66,.407,0.6,10.6 
146,MEM,1433,39,.386,0.6,10.9 
146,LAL,918,27,.441,0.8,10.0 
147,MEM,3000,81,.233,1.9,11.3 
148,SEA,465,39,.115,1.1,14.1 
149,DAL,821,53,.164,1.2,9.8 
150,CLE,1765,58,.226,1.4,12.9 
151,TOT,154,14,.290,2.4,20.5 
151,NJN,149,13,.310,2.5,19.5 
151,SEA,5,1,.000,0.0,33.3 
152,SAS,2299,74,.449,2.6,14.5 
153,TOT,831,56,.086,1.5,14.2 
153,UTA,279,22,.010,2.4,17.0 
153,PHI,110,12,.195,1.4,15.2 
153,PHO,442,22,.107,0.9,12.1 
154,MIN,2434,82,.267,1.4,9.1 
155,TOT,2122,69,.291,1.2,12.8 
155,CLE,1564,51,.289,1.2,13.4 
155,CHI,558,18,.295,1.2,11.2 
156,CHI,2291,72,.274,1.2,11.1 
157,ORL,41,6,.176,1.3,9.8 
158,TOR,331,38,.398,0.5,14.8 
159,IND,128,22,.276,1.5,13.3 
160,IND,2876,80,.314,1.6,11.1 
Rk,Tm,MP,G,FTr,STL%,TOV% 
161,CHI,613,61,.485,1.8,18.7 
162,TOT,362,30,.272,1.2,15.9 
162,MIN,358,29,.277,1.2,16.2 
162,HOU,4,1,.000,0.0,0.0 
163,SEA,2253,80,.318,1.0,15.6 
164,TOT,74,17,.480,1.4,22.9 
164,POR,44,8,.500,1.2,26.4 
164,DEN,30,9,.444,1.6,15.7 
165,PHI,1970,74,.170,1.5,10.4 
166,SAC,61,7,.000,2.5,38.9 
167,TOT,307,35,.118,2.8,20.8 
167,CHI,222,22,.117,2.8,20.2 
167,SEA,85,13,.125,2.9,22.9 
168,DET,2424,72,.215,1.7,10.5 
169,MIA,325,16,.150,3.1,16.9 
170,UTA,1374,76,.432,1.7,14.4 
171,GSW,2190,81,.206,1.6,8.2 
172,CHA,166,22,.381,0.3,18.3 
173,TOT,2022,64,.434,2.4,16.3 
173,DAL,1184,39,.506,2.5,16.4 
173,NJN,838,25,.343,2.1,16.2 
174,HOU,159,17,.241,2.0,13.1 
175,IND,702,55,.565,1.4,21.5 
176,UTA,606,57,.250,2.5,12.3 
177,MIA,1805,49,.280,1.1,10.5 
178,TOT,773,63,.074,0.9,13.6 
178,DAL,463,37,.025,1.0,14.8 
178,NJN,310,26,.145,0.7,12.0 
179,SAC,931,71,.182,0.8,14.0 
180,HOU,1575,79,.109,2.9,21.1 
Rk,Tm,MP,G,FTr,STL%,TOV% 
181,DET,1287,82,.119,2.0,8.1 
182,WAS,2228,80,.491,0.7,12.9 
183,HOU,1379,73,.170,1.7,12.0 
184,TOT,373,45,.174,1.0,7.2 
184,CHA,174,17,.154,1.2,5.4 
184,DET,199,28,.190,0.8,8.5 
185,DEN,266,16,.690,1.6,18.5 
186,PHO,2222,70,.275,1.5,10.7 
187,CHI,2380,75,.178,1.9,15.4 
188,CHA,532,60,.872,1.0,16.1 
189,ATL,2540,81,.317,1.2,15.3 
190,SAS,583,45,.235,1.9,14.3 
191,BOS,1480,78,.068,2.1,12.2 
192,ORL,3088,82,.921,1.2,16.1 
193,DAL,2757,76,.308,1.1,7.5 
194,DAL,353,50,.219,0.8,19.5 
195,GSW,93,9,.194,1.6,17.2 
196,TOT,2020,68,.235,2.6,11.6 
196,CLE,1210,40,.226,2.6,12.0 
196,CHI,810,28,.248,2.5,10.9 
197,TOR,925,70,.372,1.4,10.8 
198,DET,215,24,.141,3.3,16.1 
199,DEN,120,19,.714,0.0,16.0 
200,PHI,3242,82,.396,2.8,12.5 
Rk,Tm,MP,G,FTr,STL%,TOV% 
201,CLE,2222,73,.276,0.8,12.0 
202,TOT,326,42,.143,1.1,11.8 
202,GSW,130,16,.087,1.1,14.3 
202,LAL,196,26,.164,1.0,10.9 
203,DEN,3424,82,.512,2.2,11.4 
204,MIL,1437,75,.310,1.6,14.9 
205,POR,2229,82,.400,1.5,19.6 
206,TOT,1389,72,.160,1.7,9.8 
206,NOH,891,46,.166,1.9,8.9 
206,HOU,498,26,.152,1.4,11.1 
207,MIA,228,14,.288,1.9,9.1 
208,GSW,2855,73,.307,1.6,12.6 
209,MEM,547,53,.148,0.5,11.6 
210,NYK,5,2,2.000,0.0,0.0 
211,CLE,3027,75,.470,2.4,11.4 
212,TOT,720,54,.166,1.6,10.4 
212,HOU,537,33,.186,1.7,10.6 
212,NOH,183,21,.094,1.2,9.5 
213,WAS,3061,79,.309,1.9,6.6 
214,MIN,2189,75,.309,2.3,17.6 
215,MIN,2919,82,.273,1.3,9.4 
216,NJN,3200,82,.511,1.2,10.9 
217,NYK,1325,73,.344,1.4,17.1 
218,MIL,1647,66,.279,1.1,13.4 
219,MIA,549,43,.664,1.3,20.6 
220,DET,764,62,.333,1.7,17.1 
Rk,Tm,MP,G,FTr,STL%,TOV% 
221,TOT,1531,69,.121,1.8,18.3 
221,ATL,1121,42,.120,2.0,15.1 
221,SAC,410,27,.125,1.2,26.8 
222,SAS,28,5,.143,1.9,0.0 
223,ATL,3343,82,.253,1.3,11.8 
224,TOT,63,8,.105,0.0,20.1 
224,PHO,53,6,.000,0.0,12.5 
224,TOR,10,2,.400,0.0,33.8 
225,TOT,531,47,.364,1.4,14.7 
225,DEN,222,25,.438,1.1,15.5 
225,MEM,137,9,.278,1.8,11.0 
225,HOU,9,4,.000,5.9,20.0 
225,MIA,143,6,.406,0.7,15.7 
225,SAS,20,3,.000,5.4,20.0 
226,SAC,206,25,.962,2.0,11.7 
227,CLE,1336,67,.077,0.8,8.8 
228,CLE,472,56,1.234,1.1,19.0 
229,DAL,922,47,.078,1.5,13.5 
230,NYK,1757,70,.292,1.4,13.8 
231,POR,1276,58,.300,1.0,7.0 
232,ATL,145,35,.667,1.1,22.1 
233,LAC,2083,56,.379,0.8,16.7 
234,TOR,1530,81,.086,1.2,10.1 
235,LAL,71,17,.385,2.8,14.1 
236,CHI,105,9,.452,2.9,13.9 
237,TOT,2906,80,.208,2.5,23.5 
237,NJN,1895,51,.202,2.0,23.6 
237,DAL,1011,29,.221,3.3,23.2 
238,MEM,96,11,.158,1.6,6.9 
239,UTA,2217,72,.472,2.0,17.6 
240,DEN,1889,79,.323,1.1,10.6 
Rk,Tm,MP,G,FTr,STL%,TOV% 
241,LAC,1674,74,.208,3.1,16.0 
242,TOT,1732,75,.226,1.3,10.6 
242,PHI,657,25,.150,1.6,10.4 
242,UTA,1075,50,.276,1.1,10.7 
243,NJN,812,45,.230,0.6,11.0 
244,POR,291,39,.311,2.3,12.6 
245,HOU,711,42,.498,1.3,8.9 
246,SAS,10,2,.000,0.0,0.0 
247,TOT,303,16,.451,2.3,15.0 
247,GSW,0,1,0.0,0.0,0.0 
247,MIA,303,15,.451,2.3,15.0 
248,ATL,865,56,.203,1.8,17.8 
249,NYK,2356,81,.383,1.2,11.8 
250,ORL,3076,81,.229,1.7,10.1 
251,MEM,2089,82,.588,2.2,14.6 
252,TOT,736,50,.126,0.8,9.2 
252,ATL,564,33,.143,1.0,9.6 
252,DAL,172,17,.070,0.0,7.8 
253,MIN,151,20,.632,1.0,27.0 
254,LAC,2502,70,.681,1.5,13.0 
255,TOT,286,31,.800,0.2,28.7 
255,NJN,259,24,.633,0.0,26.9 
255,DAL,27,7,2.167,2.0,37.4 
256,SAS,23,6,.750,0.0,11.1 
257,NYK,805,24,.438,1.4,13.2 
258,TOT,2315,63,.191,2.7,9.2 
258,PHO,1713,47,.187,2.8,7.3 
258,MIA,602,16,.201,2.7,14.0 
259,PHO,130,19,.442,1.1,13.5 
260,TOT,340,26,.224,0.9,12.2 
260,CLE,156,11,.205,0.7,11.1 
260,SEA,184,15,.241,1.1,13.1 
Rk,Tm,MP,G,FTr,STL%,TOV% 
261,TOR,141,17,.140,2.3,2.1 
262,DEN,2159,71,.303,2.0,10.3 
263,SAC,2216,61,.632,1.4,10.1 
264,MIL,1702,59,.363,1.2,13.0 
265,WAS,1708,80,.118,1.3,9.9 
266,DET,1768,82,.605,0.7,11.2 
267,MIN,2020,75,.164,1.7,14.5 
268,DEN,33,6,2.000,0.0,68.0 
269,DET,2285,78,.260,1.5,10.1 
270,HOU,2440,66,.274,1.5,9.8 
271,WAS,695,70,.311,1.5,25.5 
272,CHA,1410,54,.120,0.9,22.5 
273,POR,28,8,.000,2.0,16.7 
274,LAL,278,23,.284,0.7,13.7 
275,UTA,689,60,.220,2.4,9.4 
276,MEM,1663,70,.242,1.0,15.4 
277,PHI,3016,82,.288,1.8,13.7 
278,SAC,2513,72,.424,1.4,16.0 
279,MEM,2474,70,.257,0.7,16.6 
280,UTA,1702,82,.456,2.2,12.6 
Rk,Tm,MP,G,FTr,STL%,TOV% 
281,HOU,2044,55,.477,0.6,15.1 
282,LAC,2702,77,.229,1.5,11.4 
283,TOT,1650,82,.309,1.4,14.4 
283,DET,228,21,.508,1.7,13.2 
283,CHA,1422,61,.284,1.4,14.6 
284,TOR,2166,78,.148,2.0,7.7 
285,SAC,2385,82,.372,0.7,16.2 
286,NYK,181,18,.500,1.2,11.3 
287,MIA,389,25,.800,0.5,16.3 
288,IND,2106,75,.348,1.1,10.7 
289,TOT,874,42,.267,2.2,17.0 
289,DET,347,19,.266,2.1,16.6 
289,IND,527,23,.268,2.3,17.2 
290,HOU,619,39,.563,0.9,14.6 
291,NJN,1660,75,.322,1.4,10.9 
292,DEN,1664,78,.242,2.0,12.7 
293,PHO,2780,81,.255,0.9,21.6 
294,MEM,2117,82,.191,1.1,13.9 
295,ORL,1961,69,.250,1.7,17.4 
296,TOR,1486,71,.105,0.7,10.9 
297,TOT,698,49,.149,2.1,15.5 
297,CLE,650,41,.165,2.2,15.5 
297,SEA,17,2,.000,0.0,0.0 
297,LAL,31,6,.000,1.6,25.0 
298,TOT,44,14,.000,0.0,14.8 
298,CLE,14,3,.000,0.0,20.0 
298,CHI,30,11,.000,0.0,11.8 
299,CHI,1534,74,.529,2.3,16.4 
300,CHI,2021,82,.277,0.6,11.9 
Rk,Tm,MP,G,FTr,STL%,TOV% 
301,HOU,264,35,.039,0.4,3.7 
302,DAL,2769,77,.414,1.0,9.3 
303,GSW,99,24,.172,2.0,18.3 
304,IND,1206,42,.318,0.8,15.4 
305,TOT,1748,61,.606,0.9,20.4 
305,MIA,945,33,.541,1.1,19.4 
305,PHO,803,28,.699,0.8,21.7 
306,SAS,1644,82,.206,1.2,13.6 
307,LAL,2921,77,.413,1.3,14.2 
308,CHA,2718,82,.435,1.2,13.8 
309,UTA,2390,72,.273,1.2,9.9 
310,PHI,300,40,.217,1.8,6.2 
311,ORL,7,2,.000,0.0,25.0 
312,POR,2186,82,.305,1.5,8.9 
313,IND,392,31,.318,1.6,16.4 
314,ATL,944,62,.624,1.3,18.1 
315,NOH,1497,80,.124,1.8,11.9 
316,TOR,2634,82,.151,1.6,9.0 
317,TOT,592,28,.152,2.1,18.3 
317,MIA,183,9,.074,1.5,12.5 
317,LAC,409,19,.185,2.4,20.4 
318,SAS,2312,69,.333,1.3,12.1 
319,LAC,327,20,.500,3.3,20.5 
320,NOH,3006,80,.302,3.9,12.1 
Rk,Tm,MP,G,FTr,STL%,TOV% 
321,CLE,1188,51,.191,1.3,11.2 
322,WAS,320,35,.248,1.0,10.9 
323,BOS,1912,78,.526,0.9,22.6 
324,GSW,38,7,.600,0.0,7.3 
325,NOH,1796,76,.165,1.4,6.9 
326,SEA,1310,72,.198,1.3,13.3 
327,PHO,113,16,.121,0.0,14.7 
328,BOS,2874,80,.442,1.9,14.4 
329,GSW,1316,66,.253,2.4,10.0 
330,BOS,173,22,.957,0.9,13.3 
331,BOS,1821,74,.278,2.1,12.3 
332,BOS,809,56,.717,1.0,10.8 
333,LAC,1228,64,.276,0.6,15.5 
334,MIA,304,11,.095,1.6,4.8 
335,UTA,588,61,.186,2.8,12.0 
336,DET,2694,82,.256,0.9,8.0 
337,BOS,95,15,.051,2.8,11.1 
338,POR,1819,77,.488,0.4,23.8 
339,MIA,1340,60,.263,1.8,11.7 
340,LAL,1483,65,.149,1.6,13.6 
Rk,Tm,MP,G,FTr,STL%,TOV% 
341,PHI,27,9,.000,2.0,12.5 
342,NYK,2244,69,.273,1.4,13.6 
343,TOT,437,26,.506,0.9,16.8 
343,MIN,214,10,.556,0.7,17.6 
343,DET,223,16,.450,1.0,15.8 
344,MIL,2702,72,.394,1.3,11.0 
345,ORL,276,34,.315,0.7,10.9 
346,MIN,556,52,.310,0.9,19.5 
347,CHA,3149,82,.225,1.9,9.3 
348,TOT,132,27,.045,1.2,11.8 
348,MEM,15,3,.000,0.0,14.3 
348,SAS,29,5,.286,1.9,0.0 
348,ATL,88,19,.000,1.2,13.9 
349,NYK,1841,65,.159,1.3,10.4 
350,SEA,1223,61,.247,1.5,16.4 
351,NYK,1883,72,.251,1.7,10.6 
352,POR,628,72,.194,2.1,19.9 
353,BOS,2306,77,.245,3.0,15.7 
354,NYK,494,49,.283,1.7,16.5 
355,LAC,1505,76,.179,1.5,7.4 
356,POR,2792,74,.319,1.5,9.3 
357,MIL,632,46,1.016,2.6,17.5 
358,IND,1504,71,.074,1.4,9.5 
359,SAC,2517,81,.325,1.9,15.7 
360,DET,31,4,.500,1.8,17.0 
Rk,Tm,MP,G,FTr,STL%,TOV% 
361,BOS,512,48,.213,0.9,20.2 
362,HOU,2024,82,.351,1.6,12.0 
363,CHI,1436,69,.247,2.2,16.6 
364,SEA,62,13,.708,0.0,0.0 
365,MIL,450,17,.350,2.0,21.0 
366,MIL,1521,70,.141,1.7,12.9 
367,TOT,87,14,.714,1.2,24.6 
367,CLE,68,7,1.333,1.6,29.6 
367,CHI,19,7,.250,0.0,18.4 
368,IND,11,3,.000,0.0,0.0 
369,PHO,844,66,.318,1.2,14.7 
370,MIN,1547,77,.379,1.2,12.6 
371,DEN,1421,74,.264,2.1,13.0 
372,PHI,1107,76,.265,1.1,12.2 
373,TOT,1726,77,.312,1.0,8.7 
373,CHI,1146,50,.280,1.1,8.3 
373,CLE,580,27,.406,0.8,9.9 
374,ATL,2873,81,.414,2.3,15.5 
375,CLE,305,22,.579,1.7,17.3 
376,TOT,761,36,.466,1.4,18.6 
376,HOU,81,9,.393,0.7,10.9 
376,MIN,680,27,.478,1.5,19.8 
377,WAS,1554,80,.156,1.8,14.7 
378,DAL,1412,58,.281,1.1,12.7 
379,WAS,2564,82,.253,1.4,10.5 
380,NOH,2711,77,.136,1.1,5.3 
Rk,Tm,MP,G,FTr,STL%,TOV% 
381,MIL,259,26,.326,1.4,8.9 
382,TOT,1037,60,.101,1.5,18.5 
382,MEM,624,29,.134,1.5,19.6 
382,SAS,413,31,.056,1.4,17.0 
383,ATL,402,35,.278,0.9,9.4 
384,PHO,2677,79,.571,1.2,10.3 
385,PHO,270,33,.207,2.2,9.9 
386,DET,1081,57,.408,2.5,14.8 
387,SEA,98,8,.118,2.5,35.9 
388,TOT,844,56,.411,0.9,14.0 
388,MEM,549,35,.458,0.9,15.5 
388,NJN,295,21,.318,0.9,10.7 
389,TOT,1736,75,.242,0.7,8.7 
389,SEA,1180,50,.261,0.6,8.9 
389,CLE,556,25,.196,0.9,8.1 
390,MIN,1933,60,.189,1.6,15.6 
391,DAL,2579,82,.221,1.8,7.7 
392,TOT,42,11,.118,1.3,18.3 
392,NJN,8,4,.667,0.0,20.5 
392,CLE,34,7,.000,1.6,17.6 
393,SAC,281,23,.132,1.1,34.3 
394,TOT,1584,70,.202,1.8,9.6 
394,SEA,1060,42,.207,1.6,8.7 
394,SAS,524,28,.192,2.2,11.7 
395,LAC,1940,63,.217,1.1,11.3 
396,CHI,1330,74,.395,1.9,13.0 
397,LAC,2158,79,.331,1.1,11.4 
398,IND,1293,39,.216,2.5,20.4 
399,PHO,48,6,.273,0.0,0.0 
400,LAL,1458,78,.469,1.0,13.1 
Rk,Tm,MP,G,FTr,STL%,TOV% 
401,ORL,3026,82,.321,1.3,15.0 
402,SAS,1316,73,.155,2.3,12.6 
403,SAC,2080,65,.208,1.4,16.1 
404,CLE,1320,48,.278,1.5,15.1 
405,SAS,1139,74,.283,1.1,14.5 
406,MIL,1829,76,.193,0.9,10.8 
407,NOH,69,13,.550,0.8,10.8 
408,MIL,386,44,.363,1.2,23.8 
409,LAL,1279,72,.189,1.4,9.1 
410,MIA,1954,51,.498,2.4,16.4 
411,TOT,154,29,.197,0.6,16.4 
411,DEN,90,21,.211,1.1,20.9 
411,POR,64,8,.174,0.0,7.5 
412,MIN,892,46,.176,1.9,10.2 
413,TOT,2205,72,.480,2.1,13.6 
413,CHI,1627,50,.461,2.2,13.1 
413,CLE,578,22,.543,1.8,15.2 
414,CHA,2376,62,.471,2.9,14.1 
415,DET,2346,77,.172,2.1,8.4 
416,LAL,1729,74,.228,1.7,16.0 
417,MEM,1754,75,.398,1.0,10.0 
418,SAS,146,18,.271,1.9,20.7 
419,SAC,71,9,.333,1.4,28.9 
420,GSW,368,32,.287,2.0,13.7 
Rk,Tm,MP,G,FTr,STL%,TOV% 
421,SEA,2269,78,.194,1.5,17.8 
422,GSW,126,9,.387,1.5,23.3 
423,POR,2132,75,.253,1.1,10.2 
424,TOT,1562,73,.399,2.6,13.3 
424,HOU,1124,51,.422,2.4,13.5 
424,NOH,438,22,.338,2.9,13.0 
425,NOH,2870,76,.270,1.2,10.2 
426,TOT,1533,61,.192,2.0,18.5 
426,SEA,727,35,.156,2.1,19.8 
426,CLE,806,26,.231,1.9,17.1 
427,ATL,269,64,.531,2.4,13.0 
428,SEA,1739,62,.389,1.3,12.1 
429,SEA,1843,76,.214,1.7,10.8 
430,TOT,188,15,.111,2.4,19.2 
430,DEN,122,8,.087,2.0,17.3 
430,WAS,44,4,.000,3.7,20.0 
430,SEA,22,3,.222,2.3,23.3 
431,LAC,297,30,.327,2.1,17.1 
432,UTA,3059,82,.368,1.5,17.7 
433,MIA,1886,67,.145,2.3,13.5 
434,TOT,123,23,.897,2.1,9.0 
434,SAC,117,22,.846,2.2,7.8 
434,HOU,6,1,1.333,0.0,17.4 
435,PHI,1862,80,.386,2.3,12.4 
436,NJN,854,53,.160,1.5,19.3 
437,TOT,36,11,.000,1.4,0.0 
437,SAS,2,1,.000,0.0,0.0 
437,LAC,34,10,.000,1.5,0.0 
438,ATL,2765,80,.446,1.5,10.4 
439,MIL,2410,66,.211,1.7,15.3 
440,NJN,1278,73,.436,1.1,16.1 
Rk,Tm,MP,G,FTr,STL%,TOV% 
441,IND,967,65,.285,1.3,12.2 
442,TOT,776,64,.495,1.5,11.9 
442,ATL,414,36,.510,1.7,10.3 
442,SAC,362,28,.482,1.3,13.4 
443,HOU,17,7,.000,0.0,0.0 
444,SAC,2172,57,.307,3.1,11.9 
445,TOT,1232,56,.204,1.2,12.2 
445,NJN,1056,41,.202,1.3,11.1 
445,DAL,176,15,.214,0.6,19.3 
446,GSW,376,38,.357,0.8,9.1 
447,MIA,1104,44,.235,1.4,8.2 
448,NOH,640,57,.308,2.4,15.1 
449,TOT,161,18,.286,1.0,14.5 
449,ATL,148,13,.353,1.1,9.2 
449,SAC,13,5,.000,0.0,33.3 
450,WAS,1158,75,.259,1.6,15.0 
