Rk,Tm,MP,G,FTr,STL%,TOV% 
1,SAC,530,31,.059,1.6,6.4 
2,SAC,959,59,.350,1.9,13.6 
3,VAN,2950,82,.475,1.6,13.6 
4,TOT,1298,60,.255,2.9,20.1 
4,SAS,501,37,.255,2.7,22.6 
4,DEN,797,23,.255,3.0,18.6 
5,MIL,3287,82,.297,1.8,15.0 
6,CLE,1839,66,.538,2.5,15.0 
7,ATL,398,50,.506,2.6,14.7 
8,TOT,1858,61,.288,2.5,15.8 
8,POR,1472,45,.275,2.2,16.2 
8,BOS,386,16,.333,3.5,14.7 
9,ORL,1701,58,.264,2.3,9.2 
10,UTA,1602,82,.370,2.2,13.5 
11,DAL,680,41,.320,2.4,13.5 
12,SEA,1021,80,.229,3.4,19.1 
13,TOT,831,66,.235,1.9,15.2 
13,GSW,59,4,.368,3.6,24.1 
13,CHH,772,62,.222,1.7,14.1 
14,ORL,1236,48,.324,2.6,20.5 
15,POR,443,30,.722,2.3,33.0 
16,MIA,681,46,.156,2.2,16.6 
17,POR,1445,71,.419,2.1,15.5 
18,TOT,2266,78,.417,1.4,16.7 
18,MIA,1371,52,.429,1.7,15.6 
18,LAC,895,26,.398,1.0,18.3 
19,SEA,2944,82,.452,1.7,11.1 
20,HOU,2243,68,.534,1.7,13.8 
Rk,Tm,MP,G,FTr,STL%,TOV% 
21,BOS,1686,80,.236,2.5,13.7 
22,TOT,1600,58,.265,2.1,15.5 
22,LAC,1341,41,.275,1.9,16.0 
22,MIA,259,17,.194,3.0,11.8 
23,ATL,256,27,.342,2.1,40.7 
24,LAL,374,49,.279,3.3,15.9 
25,DEN,1506,65,.198,1.9,14.7 
26,CHH,738,59,.371,2.4,27.5 
27,PHI,197,14,.732,1.1,18.1 
28,LAL,354,45,.326,2.8,12.0 
29,TOT,1123,77,.181,1.7,10.6 
29,NJN,799,53,.164,1.7,11.9 
29,ORL,324,24,.216,1.5,7.9 
30,IND,1547,82,.273,3.0,17.1 
31,TOT,2216,80,.355,2.5,16.7 
31,BOS,1296,51,.396,3.1,18.1 
31,TOR,920,29,.292,1.7,14.4 
32,ATL,2700,70,.143,3.7,15.0 
33,LAL,1029,70,.417,1.4,18.7 
34,TOT,1570,61,.211,2.2,22.9 
34,CHH,16,2,.400,6.7,14.5 
34,GSW,1554,59,.208,2.2,23.1 
35,IND,11,5,.000,0.0,42.9 
36,CHI,17,6,1.000,0.0,25.8 
37,BOS,1305,61,.409,3.4,12.9 
38,NYK,224,27,.153,1.5,10.0 
39,DAL,1822,64,.253,1.5,10.8 
40,MIL,1784,50,.213,3.3,15.3 
Rk,Tm,MP,G,FTr,STL%,TOV% 
41,MIL,30,6,.182,3.5,7.8 
42,CLE,312,43,.303,3.1,13.8 
43,ATL,1202,77,.234,1.0,11.1 
44,TOT,1719,72,.126,2.5,11.0 
44,BOS,811,41,.110,2.8,10.7 
44,TOR,908,31,.140,2.2,11.2 
45,MIA,2362,74,.334,1.5,12.5 
46,CHI,1147,71,.258,3.3,15.8 
47,POR,622,38,.440,2.1,23.6 
48,LAL,2056,79,.501,1.8,12.4 
49,PHO,1110,70,.422,1.7,17.9 
50,CHI,608,74,.034,2.0,10.5 
51,HOU,1190,67,.069,1.4,8.9 
52,CHI,1096,80,.171,3.1,11.0 
53,SAS,43,13,.571,2.5,3.7 
54,CLE,206,18,.213,2.1,13.5 
55,TOT,1423,80,.429,0.9,15.9 
55,CHI,710,51,.518,1.0,16.4 
55,GSW,713,29,.363,0.9,15.5 
56,NJN,1201,79,.429,2.0,18.7 
57,DAL,3,1,0.0,0.0,0.0 
58,TOR,2002,63,.327,1.8,13.6 
59,LAL,1784,81,.548,1.0,12.9 
60,UTA,1086,66,.302,0.5,11.5 
Rk,Tm,MP,G,FTr,STL%,TOV% 
61,MIN,1165,51,.219,0.8,12.2 
62,NJN,2606,75,.439,2.4,16.3 
63,POR,1007,74,.546,1.5,13.4 
64,MIA,363,37,.292,1.1,15.2 
65,TOT,990,47,.349,1.8,13.1 
65,PHO,626,35,.326,1.8,11.7 
65,DAL,364,12,.389,1.6,15.2 
66,PHI,10,1,1.000,10.6,25.8 
67,PHO,2263,68,.196,1.6,10.0 
68,WAS,2841,82,.219,1.8,8.8 
69,VAN,1420,82,.164,1.9,13.9 
70,NYK,1599,68,.356,1.9,20.1 
71,TOR,2939,78,.305,3.4,15.8 
72,LAC,740,58,.372,0.8,13.6 
73,PHI,2135,59,.451,1.1,13.1 
74,GSW,1471,53,.201,1.8,15.7 
75,LAC,103,23,.255,3.0,11.6 
76,MIA,209,18,.710,2.4,11.9 
77,ATL,2699,79,.171,2.1,9.7 
78,SEA,33,9,.429,1.6,19.4 
79,ATL,256,40,.618,2.6,11.4 
80,IND,243,26,.163,2.0,12.4 
Rk,Tm,MP,G,FTr,STL%,TOV% 
81,POR,379,26,.378,1.4,28.6 
82,TOT,1185,74,.229,1.7,9.8 
82,PHI,656,44,.274,1.8,6.7 
82,NYK,529,30,.185,1.6,12.7 
83,TOT,39,7,.000,2.8,0.0 
83,UTA,38,6,.000,2.8,0.0 
83,PHI,1,1,0.0,0.0,0.0 
84,MIN,146,11,.091,1.1,8.0 
85,CHH,971,52,.120,1.7,10.6 
86,MIL,1978,82,.421,1.5,13.5 
87,GSW,2656,82,.504,0.8,15.3 
88,VAN,1956,74,.310,1.5,20.8 
89,TOR,82,6,.345,1.9,10.7 
90,NJN,60,10,.444,0.0,8.5 
91,IND,2191,82,.754,1.1,12.8 
92,NYK,13,7,.000,4.2,0.0 
93,IND,2174,78,.345,1.3,11.3 
94,HOU,599,45,.261,1.5,24.7 
95,DAL,2378,81,.151,1.0,9.7 
96,PHI,906,71,.414,2.9,24.0 
97,WAS,1705,74,.465,1.3,15.4 
98,MIA,69,5,.290,5.5,7.9 
99,BOS,1523,81,.494,2.9,16.9 
100,SAC,1410,77,.220,1.9,16.3 
Rk,Tm,MP,G,FTr,STL%,TOV% 
101,SAS,1721,54,.194,1.2,9.3 
102,DET,2619,78,.269,1.4,13.5 
103,TOT,1681,77,.189,2.3,11.2 
103,CHH,34,3,.500,0.0,45.0 
103,GSW,1647,74,.188,2.3,10.9 
104,CHH,1805,64,.351,2.5,15.6 
105,NJN,1699,80,.334,1.7,15.7 
106,HOU,2473,70,.327,2.7,13.5 
107,NYK,858,51,.643,0.8,19.3 
108,DET,2326,72,.195,1.0,8.9 
109,CLE,47,7,.250,0.0,27.3 
110,SAS,3204,82,.375,0.9,15.7 
111,WAS,547,42,.337,1.6,12.6 
112,BOS,623,52,.514,4.2,19.9 
113,VAN,1968,81,.290,2.3,13.8 
114,TOT,487,39,.212,2.8,14.3 
114,NJN,352,27,.142,3.1,15.1 
114,ORL,135,12,.339,2.0,12.9 
115,UTA,1726,82,.287,1.7,21.5 
116,HOU,1988,73,.382,2.1,15.8 
117,SAS,1012,36,.257,1.3,14.5 
118,SEA,1939,79,.203,1.7,8.8 
119,DEN,344,27,.568,3.0,12.0 
120,DEN,2575,76,.254,1.4,13.4 
Rk,Tm,MP,G,FTr,STL%,TOV% 
121,BOS,447,33,.486,2.3,24.8 
122,TOT,893,72,.183,1.8,10.1 
122,ORL,561,44,.233,2.2,9.6 
122,NJN,332,28,.085,1.1,11.3 
123,NYK,848,26,.462,1.0,13.7 
124,CHH,169,27,.736,3.2,11.4 
125,MIL,450,45,.456,3.0,16.3 
126,GSW,461,50,.198,2.4,13.0 
127,CLE,1034,69,.140,1.3,14.9 
128,DAL,3394,82,.276,2.1,11.5 
129,LAL,1760,82,.402,2.2,21.1 
130,DEN,1811,80,.555,1.3,17.1 
131,UTA,1446,78,.208,0.6,13.0 
132,LAL,2709,82,.298,1.9,18.7 
133,GSW,656,55,.365,1.0,20.2 
134,GSW,613,57,.390,0.5,13.3 
135,SAC,1094,52,.415,0.9,11.8 
136,TOR,293,38,.100,3.7,25.5 
137,MIN,3222,82,.257,2.2,11.8 
138,DEN,2632,82,.312,1.2,11.6 
139,DEN,225,28,.385,1.7,16.5 
140,NJN,1359,57,.486,2.0,13.0 
Rk,Tm,MP,G,FTr,STL%,TOV% 
141,SAS,685,62,.331,2.9,17.8 
142,CHH,1839,78,.333,2.0,12.0 
143,NJN,2733,81,.336,3.0,10.0 
144,MIL,2114,82,.493,1.6,15.2 
145,DEN,2212,82,.292,2.1,10.6 
146,CLE,56,6,.167,1.0,43.7 
147,POR,1921,61,.409,1.2,14.3 
148,POR,359,22,.151,2.5,19.5 
149,WAS,895,65,.153,1.3,11.1 
150,ORL,2803,76,.232,1.6,8.5 
151,ATL,472,30,.322,1.7,11.5 
152,TOT,34,5,.000,3.1,26.7 
152,CHH,11,1,.000,0.0,33.3 
152,GSW,23,4,.000,4.6,22.2 
153,DAL,2649,82,.303,1.6,10.1 
154,MIL,124,21,.870,1.7,20.1 
155,SAC,34,9,.143,4.6,16.8 
156,MIN,1582,41,.351,2.0,12.9 
157,NJN,51,16,1.167,0.0,12.8 
158,WAS,635,71,.712,1.7,21.3 
159,MIN,1140,57,.537,0.7,13.6 
160,BOS,26,8,.000,4.0,33.3 
Rk,Tm,MP,G,FTr,STL%,TOV% 
161,ORL,625,19,.432,2.5,12.4 
162,MIA,3031,81,.254,2.4,13.5 
163,ORL,1761,66,.146,2.3,14.9 
164,CHI,2284,82,.325,2.5,10.7 
165,HOU,903,58,.459,0.6,12.8 
166,NJN,671,50,.311,3.3,9.5 
167,SEA,2597,82,.321,3.0,12.3 
168,ATL,2000,69,.515,1.1,10.6 
169,CLE,2527,82,.262,2.0,16.9 
170,SAC,737,48,.383,1.8,15.1 
171,DET,65,23,.269,0.8,17.1 
172,SAS,516,58,.251,2.0,16.4 
173,POR,12,2,.000,8.9,16.7 
174,DET,3294,81,.475,2.4,14.8 
175,MIL,2064,57,.610,1.7,16.7 
176,IND,874,65,.311,2.5,8.0 
177,MIL,530,38,.262,2.0,16.6 
178,UTA,2460,80,.389,2.4,12.0 
179,LAL,2192,72,.402,2.6,16.7 
180,NYK,2848,82,.262,1.2,12.3 
Rk,Tm,MP,G,FTr,STL%,TOV% 
181,WAS,2559,64,.361,1.7,13.9 
182,SEA,53,13,.857,3.0,17.2 
183,UTA,23,8,.000,4.7,6.7 
184,DET,2505,71,.237,2.7,10.8 
185,TOT,875,61,.319,1.4,24.1 
185,SAC,417,34,.322,1.6,24.2 
185,VAN,458,27,.317,1.1,23.9 
186,CLE,2379,82,.345,1.2,12.6 
187,PHI,3150,80,.380,3.0,12.9 
188,DEN,2042,68,.231,2.8,17.4 
189,SAS,2226,82,.180,1.5,12.8 
190,TOT,3046,79,.255,1.4,17.6 
190,PHI,1788,48,.288,1.2,19.4 
190,GSW,1258,31,.224,1.6,15.8 
191,IND,2413,82,.301,1.9,20.4 
192,CLE,166,28,.373,0.3,14.9 
193,SAC,2266,77,.181,1.5,15.4 
194,SAS,2674,75,.250,1.7,18.1 
195,HOU,1490,75,.250,1.1,9.3 
196,MIL,2261,81,.505,1.9,16.9 
197,PHO,1290,50,.536,1.1,19.1 
198,NYK,2412,70,.320,0.9,11.2 
199,HOU,127,24,.200,0.4,26.9 
200,BOS,91,15,.000,1.1,16.2 
Rk,Tm,MP,G,FTr,STL%,TOV% 
201,LAL,2910,80,.304,2.8,11.4 
202,TOR,352,14,.150,1.5,10.6 
203,CHI,3181,82,.381,2.4,7.7 
204,MIN,487,57,.637,3.7,17.2 
205,UTA,2047,80,.472,1.4,12.2 
206,CLE,2769,80,.478,2.1,16.1 
207,TOT,47,8,.000,1.1,30.8 
207,ORL,15,3,.000,0.0,0.0 
207,TOR,32,5,.000,1.6,36.4 
208,CHI,1119,50,.162,1.3,7.7 
209,SEA,717,37,.279,3.9,12.1 
210,PHO,3118,82,.243,2.7,21.5 
211,NJN,2814,77,.217,2.5,7.7 
212,CHI,397,46,.170,0.5,19.7 
213,CLE,2483,80,.424,4.2,21.6 
214,BOS,1503,74,.235,1.8,15.3 
215,CHI,2235,74,.260,1.8,14.1 
216,ATL,2282,74,.485,1.7,17.1 
217,MIL,692,57,.399,1.4,16.4 
218,MIA,29,6,1.600,3.8,31.9 
219,CHI,140,14,.163,1.2,10.3 
220,DEN,345,39,.543,1.1,22.6 
Rk,Tm,MP,G,FTr,STL%,TOV% 
221,ORL,80,17,.667,2.8,9.3 
222,WAS,76,8,.211,0.7,16.2 
223,MIA,2621,81,.210,1.2,9.6 
224,POR,44,7,.000,1.2,20.0 
225,ATL,82,12,.417,4.7,29.7 
226,PHO,42,8,.476,1.2,26.2 
227,SAS,102,9,.143,0.5,11.8 
228,DET,739,40,.487,2.1,13.4 
229,CHI,1703,58,.243,1.1,16.2 
230,VAN,1493,82,.306,2.3,15.1 
231,VAN,1414,57,.138,1.5,10.4 
232,NJN,42,9,.000,0.0,16.7 
233,GSW,243,19,.206,2.8,26.0 
234,DET,707,59,.264,1.1,20.4 
235,MIA,1928,72,.116,1.9,12.3 
236,UTA,3030,81,.560,1.7,11.9 
237,HOU,2217,78,.133,1.5,14.7 
238,PHO,1794,70,.299,2.1,10.5 
239,MIN,3112,82,.364,1.7,15.1 
240,GSW,2611,73,.198,1.9,11.0 
Rk,Tm,MP,G,FTr,STL%,TOV% 
241,LAC,2299,82,.297,1.9,15.7 
242,MIA,1729,48,.400,1.4,13.7 
243,CHH,3148,81,.526,1.2,13.4 
244,VAN,894,61,.443,1.5,14.0 
245,TOT,636,42,.233,1.4,12.3 
245,ORL,169,11,.333,0.7,11.8 
245,CHH,467,31,.189,1.6,12.6 
246,VAN,1835,79,.146,1.8,23.3 
247,TOR,5,1,.000,0.0,0.0 
248,BOS,2340,82,.266,2.4,14.7 
249,PHO,1213,63,.119,2.3,12.3 
250,NJN,180,20,.267,0.9,19.3 
251,CHH,4,1,0.0,0.0,100.0 
252,PHO,2441,81,.355,2.2,11.7 
253,TOR,1179,64,.279,2.2,12.9 
254,SEA,1211,78,.363,1.1,17.3 
255,IND,1316,57,.235,2.4,18.0 
256,TOT,1813,81,.144,3.0,15.8 
256,DET,472,24,.221,2.7,17.4 
256,PHI,1341,57,.116,3.1,15.2 
257,SEA,279,18,.015,2.7,15.1 
258,BOS,2662,80,.196,2.4,9.6 
259,PHO,163,33,.266,3.2,22.7 
260,ATL,228,37,.750,3.6,16.8 
Rk,Tm,MP,G,FTr,STL%,TOV% 
261,TOR,1628,64,.274,1.8,24.1 
262,IND,2795,81,.407,1.5,9.1 
263,NYK,2183,80,.280,1.1,12.4 
264,MIA,782,50,.160,1.3,16.9 
265,BOS,1126,69,.268,2.4,10.7 
266,MIN,2239,81,.365,1.5,6.6 
267,TOT,691,48,.278,1.0,15.2 
267,PHI,337,20,.250,1.1,15.1 
267,DET,354,28,.309,0.9,15.3 
268,UTA,538,54,.295,2.5,12.4 
269,WAS,27,8,.308,0.0,6.3 
270,MIA,1939,58,.635,1.1,16.0 
271,IND,2177,82,.237,2.4,13.3 
272,MIA,1395,82,.372,4.0,17.6 
273,LAC,2579,79,.299,2.4,13.3 
274,WAS,2227,82,.208,1.6,8.5 
275,ATL,2917,82,.608,0.6,15.1 
276,DAL,603,41,.351,2.6,11.6 
277,NYK,40,9,.600,5.4,24.0 
278,PHO,1664,76,.147,2.0,13.6 
279,VAN,249,28,.526,2.1,19.5 
280,DEN,2176,74,.557,1.9,12.9 
Rk,Tm,MP,G,FTr,STL%,TOV% 
281,MIL,48,13,.500,2.2,12.0 
282,DET,234,30,.217,2.1,10.6 
283,POR,808,60,.385,1.0,16.9 
284,LAL,2175,60,.594,0.9,10.8 
285,NYK,2734,79,.163,2.4,14.4 
286,HOU,1633,47,.335,2.7,14.8 
287,ATL,61,5,.211,0.9,4.6 
288,WAS,10,1,.000,0.0,0.0 
289,TOT,430,35,.714,1.6,25.5 
289,DAL,214,16,.595,1.5,23.2 
289,ORL,216,19,.804,1.8,27.0 
290,UTA,1288,63,.586,1.2,19.8 
291,ORL,2953,82,.576,2.0,20.5 
292,PHI,277,23,.254,1.5,24.7 
293,SAC,2348,78,.271,2.1,15.8 
294,DAL,292,12,.367,3.7,25.0 
295,PHI,196,37,.317,3.0,13.3 
296,MIN,1703,79,.376,1.1,11.2 
297,SEA,3145,82,.293,3.1,13.7 
298,TOT,1193,38,.112,2.7,10.4 
298,VAN,202,8,.083,2.3,7.4 
298,MIN,991,30,.118,2.7,10.9 
299,SAS,1491,79,.451,0.8,18.6 
300,SEA,1675,81,.272,2.0,10.5 
Rk,Tm,MP,G,FTr,STL%,TOV% 
301,MIL,1752,81,.194,2.7,17.4 
302,SAS,1455,61,.093,1.1,13.9 
303,CLE,3198,82,.178,2.2,9.6 
304,CHH,1887,62,.254,2.3,15.0 
305,LAC,1740,67,.299,1.5,11.1 
306,MIL,442,39,.364,1.1,11.2 
307,CHI,1652,44,.274,2.6,12.1 
308,DET,317,33,.329,1.4,13.0 
309,SAC,1458,70,.212,1.3,14.2 
310,IND,193,28,.415,0.8,17.1 
311,MIN,1786,82,.338,1.8,13.6 
312,CLE,1412,80,.295,1.0,19.3 
313,HOU,1332,72,.316,2.1,23.9 
314,ORL,1430,63,.194,2.0,21.9 
315,TOT,2447,82,.471,1.1,13.9 
315,DET,586,24,.568,1.1,19.7 
315,PHI,1861,58,.449,1.1,12.4 
316,ATL,1454,59,.175,1.5,15.8 
317,VAN,2527,74,.336,0.8,12.6 
318,DAL,1950,82,.359,2.2,15.9 
319,DET,994,68,.403,1.4,11.9 
320,CHH,1109,79,.384,1.7,14.9 
Rk,Tm,MP,G,FTr,STL%,TOV% 
321,TOT,911,57,.208,1.9,13.0 
321,TOR,696,47,.258,2.2,12.4 
321,DAL,215,10,.083,1.2,14.7 
322,HOU,1070,58,.590,3.1,20.2 
323,CHH,3295,82,.364,1.3,10.2 
324,LAC,1252,69,.129,1.8,13.3 
325,SAC,2569,70,.386,1.8,11.3 
326,POR,2786,74,.205,1.1,11.6 
327,DAL,544,39,.267,1.5,19.7 
328,MIN,1328,74,.404,0.9,13.3 
329,TOT,414,35,.092,2.4,15.4 
329,VAN,143,16,.032,2.6,19.0 
329,SAC,271,19,.126,2.3,13.3 
330,PHO,2359,80,.402,2.0,11.7 
331,SAS,2457,73,.620,1.4,13.0 
332,MIL,2294,56,.234,1.6,13.8 
333,LAC,1231,70,.214,1.6,15.0 
334,VAN,41,6,.105,5.1,9.1 
335,CHI,2856,80,.308,0.9,26.4 
336,TOT,376,21,.352,1.4,11.8 
336,TOR,351,18,.368,1.3,11.4 
336,POR,25,3,.000,2.1,20.0 
337,LAC,2499,76,.351,1.9,15.2 
338,TOT,106,15,.240,1.5,15.3 
338,BOS,37,9,.250,2.8,10.1 
338,TOR,69,6,.235,0.8,17.6 
339,LAL,425,41,.782,0.2,12.3 
340,IND,1706,82,.376,1.8,15.7 
Rk,Tm,MP,G,FTr,STL%,TOV% 
341,SAS,429,53,.449,2.7,21.3 
342,TOT,323,31,.478,1.2,10.7 
342,ORL,18,2,.667,3.1,27.9 
342,CHH,305,29,.460,1.1,8.5 
343,MIN,30,6,.167,0.0,38.3 
344,UTA,2219,82,.530,2.2,11.1 
345,POR,2333,73,.490,1.5,15.9 
346,SAC,87,16,.462,0.0,24.2 
347,ORL,1272,74,.321,1.5,12.6 
348,SEA,2742,78,.392,1.2,13.8 
349,TOT,2290,81,.157,1.2,10.5 
349,DAL,1797,52,.177,1.3,11.4 
349,PHO,493,29,.074,1.1,6.7 
350,CLE,188,41,.500,1.7,18.5 
351,LAL,9,4,.500,5.7,0.0 
352,DET,1641,77,.360,2.2,11.9 
353,TOT,1636,56,.573,0.9,16.8 
353,ORL,1484,47,.567,0.9,16.6 
353,NJN,152,9,.659,1.0,18.5 
354,WAS,146,20,.517,2.5,22.8 
355,TOT,1530,59,.117,1.7,17.4 
355,GSW,1028,39,.107,1.8,18.9 
355,PHI,502,20,.137,1.5,14.0 
356,TOT,433,40,.787,1.1,21.1 
356,GSW,196,19,.542,1.3,24.2 
356,CHI,237,21,1.073,0.9,17.7 
357,TOR,1662,78,.702,1.4,14.5 
358,TOT,292,34,.088,2.2,17.2 
358,MIA,32,11,.111,3.4,24.1 
358,LAC,260,23,.084,2.0,15.9 
359,TOT,2344,79,.274,1.4,11.6 
359,GSW,1645,49,.260,1.4,10.6 
359,PHI,699,30,.315,1.4,14.5 
360,TOT,1053,48,.531,2.0,17.6 
360,SAC,347,18,.492,2.3,16.8 
360,VAN,706,30,.549,1.9,17.9 
Rk,Tm,MP,G,FTr,STL%,TOV% 
361,ATL,2857,73,.413,1.4,11.9 
362,MIL,80,7,.167,3.3,25.9 
363,IND,2085,73,.231,1.0,10.5 
364,TOT,918,64,.386,3.5,22.6 
364,SEA,74,17,.435,0.0,30.5 
364,PHI,844,47,.379,3.8,21.4 
365,GSW,813,68,.612,1.5,23.0 
366,GSW,547,14,.339,1.8,12.1 
367,TOT,2545,79,.462,1.9,16.0 
367,PHI,748,22,.357,2.2,18.4 
367,DET,1797,57,.504,1.8,15.1 
368,NYK,2188,82,.248,1.9,12.0 
369,HOU,37,7,.214,2.9,6.1 
370,PHI,110,15,.962,2.4,17.8 
371,SAC,1761,81,.440,0.9,18.1 
372,DEN,718,31,.382,1.6,11.8 
373,UTA,1858,64,.452,2.6,20.8 
374,TOR,17,4,.667,3.0,34.0 
375,TOT,2839,71,.263,2.1,15.5 
375,TOR,2033,49,.255,2.0,14.7 
375,POR,806,22,.291,2.2,18.0 
376,DAL,1505,67,.151,2.0,15.1 
377,MIA,847,51,.305,1.2,13.3 
378,WAS,3020,76,.435,2.2,16.5 
379,ORL,1638,58,.452,1.0,9.1 
380,CLE,942,46,.567,2.5,24.4 
Rk,Tm,MP,G,FTr,STL%,TOV% 
381,TOT,984,57,.201,1.1,15.6 
381,TOR,752,39,.193,1.0,14.0 
381,BOS,232,18,.236,1.1,21.9 
382,ORL,108,12,.432,1.5,15.4 
383,LAC,1513,71,.361,1.2,12.0 
384,TOT,426,43,.179,2.6,10.7 
384,GSW,139,10,.154,1.9,8.0 
384,ORL,15,4,.400,0.0,0.0 
384,CLE,272,29,.186,3.1,13.7 
385,TOT,535,54,.478,2.1,25.2 
385,BOS,368,33,.413,2.7,25.9 
385,TOR,167,21,.636,0.9,23.5 
386,DAL,73,5,.067,0.7,17.8 
387,PHI,1779,77,.338,1.6,13.1 
388,TOT,167,30,.143,3.2,21.2 
388,PHO,46,13,.111,4.6,15.0 
388,NYK,121,17,.172,2.7,26.1 
389,TOT,2197,74,.385,1.1,17.2 
389,VAN,1574,47,.395,1.0,18.6 
389,SAC,623,27,.361,1.5,14.1 
390,TOT,1360,54,.420,1.4,13.6 
390,POR,1005,41,.454,1.4,14.3 
390,TOR,355,13,.336,1.2,11.6 
391,LAL,2053,64,.231,1.6,11.3 
392,NJN,2325,62,.291,1.5,12.2 
393,TOT,489,40,.318,1.6,19.2 
393,GSW,322,22,.298,1.6,19.4 
393,CHI,6,3,4.000,0.0,0.0 
393,NJN,161,15,.273,1.6,19.6 
394,UTA,419,45,.557,1.2,26.9 
395,LAC,265,10,.095,0.8,12.9 
396,LAC,996,65,.349,0.6,17.7 
397,BOS,3268,82,.277,2.2,13.2 
398,DAL,1027,41,.302,1.6,14.4 
399,WAS,1124,67,.598,2.8,11.9 
400,TOR,2361,82,.299,1.4,13.4 
Rk,Tm,MP,G,FTr,STL%,TOV% 
401,POR,2896,77,.318,1.4,14.3 
402,TOT,235,38,.528,1.8,29.2 
402,PHI,127,19,.586,2.1,31.8 
402,MIA,108,19,.458,1.5,25.7 
403,NYK,2317,82,.219,3.4,23.6 
404,DEN,1539,66,.167,1.8,11.9 
405,TOT,2325,79,.456,1.9,14.0 
405,PHI,1290,48,.526,1.8,14.5 
405,GSW,1035,31,.372,2.1,13.4 
406,ORL,34,4,.167,1.6,35.2 
407,WAS,2809,71,.248,2.1,11.1 
408,DAL,395,39,.371,2.0,18.7 
409,CHI,467,48,.122,0.5,8.1 
410,CHH,2845,81,.333,2.6,18.6 
411,MIN,688,38,.234,0.8,10.0 
412,IND,105,15,.286,1.0,25.3 
413,MIN,150,34,.300,2.1,13.7 
414,ATL,16,3,1.000,0.0,25.8 
415,WAS,1073,82,.363,1.7,13.6 
416,ORL,1252,72,.226,1.5,14.2 
417,SEA,757,65,.386,1.3,16.3 
418,TOT,1071,54,.319,1.9,15.3 
418,POR,864,41,.332,1.9,15.5 
418,TOR,207,13,.250,2.0,14.1 
419,GSW,140,9,.080,2.2,14.8 
420,NYK,738,41,.477,1.3,17.4 
Rk,Tm,MP,G,FTr,STL%,TOV% 
421,DEN,145,4,.738,1.5,10.0 
422,NYK,178,27,.186,1.8,9.7 
423,PHO,1333,71,.460,1.3,10.7 
424,NJN,2343,65,.454,1.0,10.9 
425,DET,1305,77,.576,2.1,14.3 
426,WAS,111,14,.118,0.9,10.1 
427,MIN,161,25,.688,2.9,20.4 
428,SAS,1314,72,.495,1.4,15.5 
429,PHI,801,58,.296,1.1,11.1 
430,CHH,365,39,.387,2.6,17.7 
431,TOT,1470,59,.230,2.1,13.3 
431,TOR,876,28,.188,2.4,13.1 
431,POR,594,31,.289,1.7,13.6 
432,SAC,2819,79,.391,1.4,13.0 
433,HOU,2528,81,.293,1.1,12.6 
434,SEA,546,58,.207,2.1,19.5 
435,POR,9,3,.667,0.0,20.5 
436,DEN,621,57,.083,1.7,14.9 
437,LAC,2067,69,.395,1.4,11.3 
438,TOR,44,7,.286,0.0,11.3 
439,TOT,64,12,.552,0.0,10.0 
439,DEN,42,6,.800,0.0,12.9 
