Rk,Tm,MP,G,FTr,STL%,TOV% 
1,DEN,2029,57,.164,1.6,10.1 
2,CHH,329,21,.422,3.3,20.3 
3,CHH,516,53,.133,0.9,13.4 
4,SAS,560,60,.161,2.5,29.1 
5,MIN,362,41,.343,3.0,22.0 
6,PHI,1614,73,.289,1.8,11.9 
7,CLE,357,28,.471,1.0,28.7 
8,VAN,1104,54,.591,1.1,15.2 
9,SAS,344,46,.532,1.3,27.5 
10,TOT,2344,69,.405,2.5,12.9 
10,NJN,1042,31,.495,2.6,11.1 
10,CHH,1302,38,.330,2.4,14.5 
11,ORL,2717,77,.265,2.3,12.3 
12,TOT,2060,76,.247,1.9,16.3 
12,TOR,1564,49,.250,1.9,16.9 
12,NYK,496,27,.233,1.8,14.1 
13,VAN,2096,69,.380,2.9,14.9 
14,GSW,2262,82,.384,1.5,13.1 
15,ORL,41,13,.125,7.7,15.1 
16,SEA,1725,69,.369,1.4,15.9 
17,MIA,1897,75,.146,1.3,16.5 
18,ATL,2294,77,.430,2.5,13.6 
19,VAN,1586,71,.165,1.0,17.6 
20,MIL,3319,82,.335,1.1,11.6 
Rk,Tm,MP,G,FTr,STL%,TOV% 
21,DET,123,9,.261,1.8,16.3 
22,PHO,2632,71,.488,2.2,13.4 
23,BOS,2328,80,.182,1.2,12.1 
24,LAC,1898,79,.229,2.6,15.4 
25,GSW,712,68,.200,2.4,17.3 
26,CHH,33,5,.250,1.6,31.1 
27,TOT,1896,83,.329,1.3,17.6 
27,VAN,404,13,.348,1.3,15.5 
27,MIL,1492,70,.322,1.2,18.3 
28,PHI,66,8,.235,0.8,27.2 
29,PHO,230,19,.656,2.5,11.8 
30,UTA,1961,81,.193,1.2,10.1 
31,IND,571,59,.552,1.9,23.7 
32,ATL,2893,81,.151,3.9,13.6 
33,LAL,715,57,.263,1.8,20.1 
34,CHH,77,6,.125,1.4,26.2 
35,ORL,43,4,.467,3.6,14.2 
36,HOU,131,11,.220,2.0,18.0 
37,ORL,1078,74,.169,1.6,15.8 
38,ATL,41,8,.174,3.9,19.5 
39,TOT,2329,79,.282,1.1,15.4 
39,PHI,334,12,.258,1.2,22.3 
39,NJN,1995,67,.285,1.1,14.5 
40,MIN,369,53,.342,2.4,15.8 
Rk,Tm,MP,G,FTr,STL%,TOV% 
41,CLE,2570,75,.348,3.0,10.1 
42,HOU,570,54,.280,1.0,14.2 
43,SEA,986,63,.341,1.3,21.2 
44,DAL,716,69,.235,3.0,11.7 
45,HOU,2019,82,.270,1.2,13.1 
46,BOS,1591,65,.256,2.5,9.7 
47,PHI,162,9,1.063,1.0,20.4 
48,NJN,2942,81,.332,1.4,12.7 
49,CHI,671,68,.240,4.5,12.7 
50,HOU,1587,71,.397,1.0,14.0 
51,CHI,740,74,.091,2.4,13.4 
52,ATL,460,46,.123,2.0,12.3 
53,CHH,693,20,.272,2.0,15.7 
54,BOS,495,61,.547,1.5,15.9 
55,WSB,858,61,.362,2.4,20.1 
56,CHI,545,57,.420,1.2,20.0 
57,CLE,2631,82,.232,1.9,11.0 
58,IND,327,51,.434,1.5,26.2 
59,LAL,2699,82,.393,1.7,11.6 
60,UTA,1532,80,.282,1.0,12.0 
Rk,Tm,MP,G,FTr,STL%,TOV% 
61,PHO,590,60,.276,0.9,14.1 
62,HOU,1682,61,.433,1.6,16.7 
63,SAC,1044,73,.444,1.3,17.0 
64,LAL,2628,78,.340,1.9,10.8 
65,MIA,1865,56,.166,1.3,9.8 
66,WSB,2324,70,.236,1.5,11.4 
67,HOU,651,74,.145,1.5,10.4 
68,POR,250,28,.342,1.7,23.6 
69,NJN,2408,78,.391,2.4,20.1 
70,TOT,1036,55,.276,3.5,20.1 
70,NYK,218,23,.301,2.9,18.7 
70,TOR,818,32,.269,3.7,20.5 
71,GSW,20,4,.000,0.0,20.0 
72,BOS,7,3,1.000,0.0,25.8 
73,PHO,11,5,.000,0.0,0.0 
74,PHI,294,11,.271,0.7,17.5 
75,TOT,2615,81,.272,1.9,16.4 
75,MIA,1882,52,.309,1.8,16.2 
75,GSW,733,29,.174,2.2,17.0 
76,MIL,958,74,.336,1.1,17.4 
77,POR,60,11,.250,0.0,5.3 
78,TOT,1284,71,.342,2.5,14.2 
78,SAC,930,49,.355,2.6,14.3 
78,MIA,354,22,.304,2.4,14.0 
79,CLE,200,23,.514,1.5,28.4 
80,CLE,617,58,.632,2.1,25.9 
Rk,Tm,MP,G,FTr,STL%,TOV% 
81,MIL,1777,81,.274,1.7,9.5 
82,CHH,2371,82,.176,2.4,11.0 
83,TOT,783,46,.385,1.7,11.3 
83,WSB,34,5,.400,1.5,7.8 
83,DET,749,41,.384,1.7,11.5 
84,DEN,48,14,.250,2.2,14.5 
85,MIA,542,19,.391,1.5,14.6 
86,NJN,626,58,.431,0.7,29.6 
87,IND,2092,82,.716,0.8,12.1 
88,IND,2617,78,.482,1.2,14.1 
89,NYK,1773,74,.228,0.9,9.2 
90,MIN,571,57,.779,3.6,25.4 
91,DAL,501,28,.435,1.0,16.3 
92,TOT,1807,79,.351,2.2,10.4 
92,MIL,171,8,.366,1.2,11.8 
92,BOS,1636,71,.350,2.3,10.2 
93,GSW,203,22,.380,1.8,6.4 
94,LAC,2018,82,.477,1.4,18.7 
95,SAS,2766,82,.222,1.6,8.6 
96,LAC,2157,65,.349,1.7,17.7 
97,SAS,87,16,.515,1.8,22.9 
98,LAL,2470,79,.366,1.6,17.5 
99,TOT,2335,79,.320,1.4,19.9 
99,BOS,234,10,.476,0.4,22.2 
99,MIL,2101,69,.298,1.5,19.5 
100,HOU,1997,52,.442,2.7,12.8 
Rk,Tm,MP,G,FTr,STL%,TOV% 
101,MIL,58,8,.429,1.8,10.7 
102,POR,1924,80,.439,1.1,15.6 
103,DET,2193,67,.329,1.1,12.4 
104,PHI,739,39,.345,3.0,17.3 
105,DAL,1284,67,.392,1.6,9.1 
106,WSB,1238,55,.313,1.2,11.7 
107,TOR,655,42,.413,1.4,13.1 
108,SAC,2481,80,.341,1.8,18.4 
109,VAN,2773,82,.218,2.2,14.0 
110,VAN,519,31,.418,1.0,21.2 
111,CHI,274,28,.236,0.2,14.7 
112,NJN,1007,34,.215,2.8,13.7 
113,ATL,1758,79,.174,2.6,14.0 
114,UTA,961,65,.318,1.6,21.8 
115,HOU,1385,45,.322,1.7,12.6 
116,SAS,2901,77,.375,1.2,13.1 
117,DEN,2626,81,.187,1.1,8.6 
118,DEN,1269,45,.343,1.5,14.3 
119,MIA,74,12,.273,1.4,10.9 
120,BOS,1431,69,.397,1.4,19.5 
Rk,Tm,MP,G,FTr,STL%,TOV% 
121,TOR,282,30,.390,1.3,25.0 
122,NYK,2783,76,.317,1.3,11.8 
123,IND,591,54,.343,2.1,15.1 
124,CLE,2680,82,.146,1.2,11.1 
125,PHO,3212,82,.331,1.4,10.6 
126,TOT,134,18,.528,1.2,6.3 
126,NYK,17,2,.100,0.0,0.0 
126,DEN,117,16,.692,1.3,8.1 
127,NJN,1747,77,.338,1.2,16.9 
128,SEA,139,28,.425,2.9,5.9 
129,UTA,803,73,.295,0.5,17.4 
130,BOS,2588,81,.274,2.2,17.2 
131,TOT,1325,65,.127,1.4,9.7 
131,MIA,1033,44,.128,1.6,9.3 
131,SAC,292,21,.122,0.7,11.3 
132,MIN,2293,80,.203,1.9,12.1 
133,TOT,1427,71,.365,1.3,12.6 
133,GSW,862,47,.429,1.1,14.1 
133,MIA,565,24,.290,1.6,10.7 
134,VAN,570,25,.411,0.9,15.1 
135,CHH,2349,77,.308,1.0,15.3 
136,TOT,1683,47,.336,2.0,17.9 
136,CHH,1265,36,.315,1.7,20.6 
136,NJN,418,11,.388,2.8,10.6 
137,NJN,2856,78,.288,1.3,11.4 
138,TOT,71,15,.030,2.2,0.0 
138,NJN,56,10,.000,1.9,0.0 
138,CHH,15,5,.200,3.5,0.0 
139,CHH,621,42,.317,1.4,22.6 
140,TOT,613,53,.352,2.1,17.1 
140,PHI,128,8,.531,2.0,30.1 
140,NJN,485,45,.317,2.2,13.7 
Rk,Tm,MP,G,FTr,STL%,TOV% 
141,TOT,311,28,.431,2.0,14.8 
141,MIA,235,18,.487,1.8,18.8 
141,ATL,19,4,.000,0.0,0.0 
141,NYK,57,6,.400,3.7,5.4 
142,SAC,2398,78,.425,0.9,15.6 
143,NYK,596,47,.320,3.5,17.9 
144,TOT,527,31,.061,2.2,22.8 
144,PHI,280,11,.125,2.2,22.9 
144,WSB,138,10,.000,3.0,26.3 
144,DEN,109,10,.000,1.0,17.9 
145,POR,2394,76,.162,1.3,10.1 
146,ORL,2286,63,.306,1.4,7.7 
147,PHO,2113,82,.534,1.1,12.6 
148,MIN,2835,78,.373,2.5,16.7 
149,CHI,7,1,.333,0.0,12.7 
150,BOS,70,11,.581,0.0,18.8 
151,TOT,17,6,1.750,0.0,22.0 
151,ORL,7,3,2.000,0.0,34.7 
151,GSW,10,3,1.500,0.0,0.0 
152,DEN,1045,71,.429,1.1,13.1 
153,CHH,838,63,.341,1.8,18.5 
154,ORL,3015,82,.477,2.9,13.5 
155,TOT,2534,80,.307,2.7,17.3 
155,GSW,1487,52,.300,2.6,15.4 
155,MIA,1047,28,.319,2.9,20.0 
156,NYK,2893,82,.219,2.4,14.7 
157,CHI,1886,80,.277,2.9,11.5 
158,DAL,1016,61,.219,1.7,9.6 
159,TOT,821,55,.371,1.7,14.4 
159,VAN,410,18,.453,1.8,13.6 
159,LAC,411,37,.310,1.6,15.1 
160,SEA,2823,82,.304,2.7,13.4 
Rk,Tm,MP,G,FTr,STL%,TOV% 
161,HOU,14,4,.600,0.0,0.0 
162,ATL,1416,79,.461,1.7,14.3 
163,SAS,393,44,.175,1.2,21.7 
164,PHI,916,44,.115,1.4,12.6 
165,DET,3260,80,.529,1.7,14.9 
166,CLE,929,44,.531,1.9,17.0 
167,TOT,115,15,.000,0.4,7.7 
167,DAL,113,13,.000,0.4,7.7 
167,CHH,2,2,0.0,0.0,0.0 
168,IND,85,15,.947,3.8,20.6 
169,UTA,2588,82,.330,2.2,11.2 
170,HOU,2634,71,.195,2.3,16.8 
171,DET,3072,82,.291,1.1,14.2 
172,SAC,276,25,.406,2.4,18.4 
173,WSB,3294,81,.284,1.0,15.2 
174,DET,2138,80,.191,2.2,10.5 
175,SAC,1059,72,.370,1.4,24.3 
176,HOU,33,4,1.250,1.6,0.0 
177,DAL,2820,82,.320,0.8,11.3 
178,IND,2643,81,.305,2.0,22.1 
179,HOU,58,7,.208,0.0,13.2 
180,SAS,3084,82,.295,2.0,16.3 
Rk,Tm,MP,G,FTr,STL%,TOV% 
181,CLE,28,11,.167,0.0,7.2 
182,IND,1002,62,.181,1.1,10.6 
183,SEA,1519,81,.361,1.3,19.4 
184,PHO,2007,56,.591,2.1,16.7 
185,CHH,3274,81,.460,0.9,11.0 
186,LAL,958,32,.684,1.4,21.2 
187,HOU,297,46,.684,0.9,10.8 
188,LAL,2184,70,.269,3.1,11.4 
189,DAL,2322,68,.181,1.2,12.1 
190,CHI,3090,82,.355,3.1,8.4 
191,ATL,247,24,.535,2.6,17.8 
192,UTA,1708,82,.581,1.6,16.8 
193,SEA,2631,79,.709,1.8,20.4 
194,ATL,11,3,0.0,0.0,100.0 
195,CHI,1919,82,.174,1.7,7.5 
196,GSW,1620,76,.294,2.9,11.7 
197,MIL,816,69,.207,2.1,12.7 
198,DAL,3034,81,.256,2.9,18.6 
199,VAN,1930,80,.232,1.9,13.8 
200,LAL,20,6,.273,5.2,14.0 
Rk,Tm,MP,G,FTr,STL%,TOV% 
201,TOR,868,62,.302,1.2,17.2 
202,MIA,156,15,.222,2.4,31.3 
203,PHO,663,56,.148,1.0,17.1 
204,ORL,1288,67,.326,1.1,17.0 
205,CHI,2103,81,.339,1.6,11.2 
206,TOT,2495,74,.437,1.5,14.7 
206,MIN,1518,44,.457,1.4,13.8 
206,ATL,977,30,.400,1.7,16.4 
207,TOT,2365,71,.197,0.9,12.6 
207,ATL,1815,51,.191,1.0,12.3 
207,MIN,550,20,.222,0.7,13.8 
208,CLE,367,41,.610,2.2,19.7 
209,DET,155,18,.448,0.7,24.1 
210,WSB,1775,77,.333,1.3,7.9 
211,MIA,323,30,.305,1.0,12.6 
212,WSB,4,3,.000,12.8,0.0 
213,TOR,189,16,.417,2.2,16.5 
214,TOT,735,64,.610,0.4,26.5 
214,MIL,88,7,.222,0.0,28.8 
214,BOS,647,57,.646,0.5,26.3 
215,TOT,598,55,.029,0.9,10.1 
215,SAS,273,32,.031,0.4,8.5 
215,NYK,325,23,.025,1.3,12.1 
216,ATL,3008,82,.402,1.9,13.7 
217,CHI,1641,62,.205,0.7,17.2 
218,LAL,1012,76,.294,2.4,11.5 
219,HOU,868,31,.160,1.3,8.4 
220,DEN,1107,56,.362,1.0,9.7 
Rk,Tm,MP,G,FTr,STL%,TOV% 
221,DET,287,23,.164,2.9,11.1 
222,NJN,450,50,.385,1.6,17.4 
223,CLE,2367,82,.226,2.0,10.2 
224,TOT,510,32,.166,1.6,9.6 
224,PHI,407,25,.163,1.7,10.0 
224,MIA,103,7,.182,1.5,7.8 
225,UTA,3113,82,.466,2.4,9.8 
226,PHO,816,33,.281,2.4,15.0 
227,VAN,311,29,.124,0.5,12.5 
228,SAC,1039,53,.514,2.6,16.8 
229,CLE,208,34,.515,2.2,7.7 
230,GSW,934,62,.264,1.2,12.0 
231,VAN,19,4,.400,2.8,14.5 
232,TOT,1149,59,.331,2.4,20.5 
232,VAN,402,24,.351,3.5,19.7 
232,MIN,747,35,.320,1.8,21.0 
233,DAL,669,18,.347,1.1,11.1 
234,NYK,3457,82,.519,1.1,17.7 
235,TOT,1463,54,.363,1.0,12.7 
235,TOR,659,24,.332,1.0,13.5 
235,PHI,804,30,.390,1.0,12.1 
236,PHI,2467,75,.316,2.0,15.2 
237,MIL,1705,82,.187,2.0,18.4 
238,WSB,653,62,.484,1.6,18.5 
239,DAL,2846,79,.175,2.0,10.7 
240,SAC,71,12,.696,3.6,6.2 
Rk,Tm,MP,G,FTr,STL%,TOV% 
241,DEN,2280,76,.276,1.2,13.5 
242,WSB,1195,80,.724,0.9,15.8 
243,IND,2440,75,.310,1.8,15.0 
244,POR,2259,81,.276,2.1,14.3 
245,SEA,1261,55,.172,3.9,22.7 
246,DAL,1266,72,.309,0.8,15.2 
247,LAL,123,27,.286,1.7,16.9 
248,TOR,2516,76,.278,2.2,18.5 
249,IND,2621,76,.467,1.6,12.8 
250,CLE,3060,80,.271,1.4,10.0 
251,DET,1656,82,.233,1.4,11.6 
252,CLE,136,19,.250,0.0,19.5 
253,BOS,1761,78,.203,1.0,10.1 
254,MIN,2145,78,.471,1.2,10.4 
255,TOT,676,39,.630,1.1,22.1 
255,MIL,65,5,.571,0.8,10.2 
255,VAN,611,34,.634,1.1,22.6 
256,BOS,1432,61,.384,0.7,17.0 
257,HOU,190,8,.250,0.5,8.7 
258,UTA,1424,66,.210,2.4,9.7 
259,VAN,573,44,.304,2.7,13.6 
260,MIA,2671,70,.662,1.4,15.9 
Rk,Tm,MP,G,FTr,STL%,TOV% 
261,GSW,1617,55,.297,2.4,16.7 
262,TOT,151,33,.195,0.7,6.3 
262,ATL,118,24,.250,0.5,7.8 
262,BOS,33,9,.000,1.5,0.0 
263,TOT,1673,73,.244,4.3,16.9 
263,MIL,193,9,.182,1.7,14.4 
263,VAN,1480,64,.251,4.6,17.2 
264,WSB,2242,76,.348,1.2,13.4 
265,LAC,1816,77,.230,1.7,14.6 
266,TOR,2458,82,.201,1.8,10.0 
267,DEN,2713,74,.622,0.7,17.1 
268,TOT,1092,71,.494,1.6,21.2 
268,MIA,639,39,.475,1.2,22.5 
268,CHH,453,32,.529,2.3,18.9 
269,ATL,15,5,.444,10.7,42.6 
270,MIL,2690,82,.357,1.8,12.6 
271,ATL,770,34,.176,1.0,13.5 
272,NJN,1253,64,.270,1.9,12.2 
273,ORL,1946,54,.495,0.9,11.0 
274,TOR,139,5,.229,0.7,11.5 
275,NYK,1775,53,.469,1.7,16.1 
276,HOU,2797,72,.367,2.1,12.5 
277,UTA,661,57,.297,0.4,10.8 
278,LAC,985,80,.871,2.3,14.9 
279,DEN,607,55,.309,1.1,16.5 
280,TOT,1982,62,.367,1.3,17.3 
280,MIA,1388,40,.374,1.1,17.0 
280,SAC,594,22,.350,1.6,18.1 
Rk,Tm,MP,G,FTr,STL%,TOV% 
281,WSB,1084,31,.410,2.9,17.9 
282,CHH,1086,74,.295,1.0,15.5 
283,DAL,869,64,.251,1.4,10.2 
284,SEA,3162,81,.240,3.7,15.6 
285,LAL,1608,73,.143,1.9,8.0 
286,TOT,17,7,.600,3.1,24.0 
286,WSB,5,2,0.0,0.0,0.0 
286,MIL,12,5,.600,4.4,24.0 
287,SAS,1396,80,.378,1.0,18.2 
288,SEA,2169,82,.302,2.0,8.3 
289,PHO,1668,81,.353,2.7,18.7 
290,TOT,254,30,.138,0.8,12.7 
290,PHI,87,8,.167,1.2,13.4 
290,NJN,167,22,.128,0.6,12.4 
291,SAS,2131,80,.148,1.2,10.8 
292,PHO,2609,82,.219,1.1,8.5 
293,CLE,2530,72,.291,2.4,11.9 
294,LAC,784,65,.339,1.6,13.9 
295,IND,1404,76,.347,2.2,12.0 
296,TOT,1710,74,.534,1.9,15.7 
296,TOR,1031,47,.532,1.5,15.8 
296,PHI,679,27,.539,2.5,15.4 
297,CHI,2825,77,.266,2.5,13.2 
298,SAC,2441,81,.248,1.1,12.3 
299,MIN,2072,82,.344,2.2,19.8 
300,WSB,2042,81,.358,2.0,19.8 
Rk,Tm,MP,G,FTr,STL%,TOV% 
301,WSB,127,7,.167,2.4,13.4 
302,WSB,22,2,1.000,4.7,0.0 
303,BOS,1984,53,.323,1.2,10.7 
304,DET,1305,75,.522,0.7,16.5 
305,HOU,1275,63,.184,0.9,13.6 
306,VAN,2460,77,.341,0.9,13.5 
307,TOT,833,51,.361,2.3,19.3 
307,CHH,418,20,.432,2.0,17.6 
307,NJN,415,31,.284,2.7,21.2 
308,DET,997,69,.412,2.6,15.7 
309,TOT,1313,65,.438,1.7,17.0 
309,SAS,643,32,.530,2.0,19.5 
309,NYK,670,33,.344,1.4,14.0 
310,TOT,405,36,.460,2.1,26.3 
310,MIA,397,34,.434,2.1,25.8 
310,PHO,8,2,3.000,0.0,46.3 
311,MIL,845,62,.144,2.0,11.9 
312,MIL,191,19,.396,4.2,20.4 
313,CHH,3142,79,.294,1.5,10.0 
314,LAC,2013,63,.158,2.0,11.8 
315,SAC,2946,81,.359,2.2,12.2 
316,MIN,2594,75,.245,0.9,13.1 
317,MIN,310,25,.378,1.3,16.5 
318,SAS,1235,78,.221,3.0,15.2 
319,LAL,317,33,.289,2.6,18.0 
320,LAC,795,51,.438,1.0,11.7 
Rk,Tm,MP,G,FTr,STL%,TOV% 
321,TOR,2478,77,.260,3.5,21.3 
322,POR,2980,78,.415,1.5,11.2 
323,SAS,3019,82,.597,1.9,9.8 
324,MIL,3249,82,.281,1.6,15.4 
325,POR,1627,76,.235,1.1,14.9 
326,POR,715,43,.231,1.9,22.8 
327,CHI,2088,64,.349,0.9,28.2 
328,DET,372,49,.356,1.5,14.0 
329,TOR,1043,56,.378,1.2,13.2 
330,LAC,1950,67,.281,2.0,16.7 
331,TOT,1117,65,.709,1.1,17.6 
331,MIN,902,49,.700,1.1,14.2 
331,ATL,215,16,.741,1.0,28.7 
332,DEN,2134,80,.459,1.3,24.4 
333,ORL,963,64,.759,1.6,15.3 
334,GSW,723,59,.407,1.4,20.1 
335,PHI,1551,61,.281,1.4,17.0 
336,PHO,30,7,.556,0.0,21.1 
337,UTA,577,59,.472,2.7,17.4 
338,POR,1735,73,.422,1.9,15.2 
339,TOT,673,42,.607,1.5,23.7 
339,TOR,482,25,.619,1.2,22.6 
339,CHI,191,17,.571,2.2,26.8 
340,MIA,399,32,.489,1.5,16.8 
Rk,Tm,MP,G,FTr,STL%,TOV% 
341,SEA,181,35,.422,1.7,13.0 
342,IND,297,33,.191,1.6,13.7 
343,SEA,2200,63,.500,1.3,13.9 
344,VAN,1894,80,.359,1.8,11.3 
345,ORL,3041,82,.199,1.5,9.1 
346,LAC,1601,62,.281,2.7,13.3 
347,GSW,1813,64,.496,1.1,20.6 
348,ORL,1679,75,.235,1.8,24.4 
349,SAC,810,54,.346,2.0,16.9 
350,CHI,685,60,.606,0.7,21.6 
351,PHI,236,10,.175,1.5,20.7 
352,TOT,72,11,.259,1.4,23.0 
352,POR,20,4,.000,2.6,37.5 
352,DEN,26,4,.455,2.0,18.5 
352,DAL,26,3,.182,0.0,20.2 
353,MIN,39,8,.200,1.3,31.5 
354,TOT,1716,73,.282,1.5,14.0 
354,NYK,890,41,.350,1.1,15.2 
354,SAS,826,32,.211,2.0,12.7 
355,BOS,92,17,.205,1.6,20.6 
356,GSW,2821,82,.383,1.5,10.3 
357,HOU,1617,68,.228,1.5,16.4 
358,SAC,1384,65,.744,1.7,18.6 
359,ATL,2856,80,.337,1.3,10.3 
360,TOT,938,59,.168,2.1,18.3 
360,PHO,528,34,.214,2.0,17.4 
360,MIA,410,25,.089,2.1,19.9 
Rk,Tm,MP,G,FTr,STL%,TOV% 
361,IND,1901,63,.328,0.6,13.5 
362,SEA,389,43,.490,3.7,23.8 
363,TOT,58,17,.462,0.0,27.7 
363,DEN,21,6,.000,0.0,75.0 
363,POR,37,11,.500,0.0,17.0 
364,UTA,1267,71,.537,0.8,18.1 
365,GSW,3064,78,.371,2.1,13.7 
366,PHI,2701,72,.475,1.5,16.0 
367,NYK,2491,81,.206,2.2,14.5 
368,DEN,2810,82,.416,2.1,12.7 
369,UTA,2915,82,.345,2.6,20.7 
370,TOR,2865,70,.262,1.8,17.5 
371,POR,2526,67,.413,2.0,17.4 
372,LAL,746,63,.503,1.3,8.8 
373,CLE,1150,79,.392,2.8,21.4 
374,TOT,655,48,.212,2.0,20.7 
374,CHH,190,18,.380,2.2,22.6 
374,PHI,465,30,.162,1.9,20.1 
375,BOS,2,1,0.0,0.0,100.0 
376,TOR,1332,67,.275,0.9,17.9 
377,MIA,1655,74,.325,1.5,13.5 
378,ORL,246,33,.262,2.6,17.3 
379,PHI,773,44,.289,1.3,28.3 
380,WSB,31,7,.333,1.7,12.7 
Rk,Tm,MP,G,FTr,STL%,TOV% 
381,DET,2841,82,.424,1.0,16.2 
382,LAL,1687,82,.135,2.1,11.7 
383,PHO,1152,63,.264,0.7,9.1 
384,UTA,53,13,.182,0.0,7.8 
385,LAC,305,34,.361,0.7,16.1 
386,POR,1219,69,.329,1.1,15.8 
387,ORL,192,13,.039,0.5,17.5 
388,LAL,2513,74,.215,1.4,13.0 
389,LAC,31,15,.286,0.0,0.0 
390,ORL,266,33,.225,1.2,17.0 
391,LAC,2966,80,.189,1.5,11.8 
392,WSB,1788,65,.212,1.2,14.3 
393,TOT,610,44,.351,2.1,19.4 
393,NJN,87,11,.182,1.8,16.4 
393,PHI,523,33,.400,2.2,20.1 
394,NYK,787,62,.248,3.6,24.6 
395,UTA,217,16,.302,2.0,25.9 
396,PHI,3096,78,.420,1.9,13.0 
397,TOT,1462,77,.337,1.9,18.2 
397,ATL,817,51,.392,1.8,16.4 
397,MIN,645,26,.279,2.0,20.2 
398,WSB,558,15,.250,2.5,13.8 
399,WSB,58,11,.000,3.5,11.5 
400,CHI,1065,71,.125,1.0,9.3 
Rk,Tm,MP,G,FTr,STL%,TOV% 
401,NJN,93,13,.406,2.8,13.7 
402,BOS,2104,82,.391,2.4,15.6 
403,MIN,1639,73,.366,0.9,15.1 
404,DET,682,47,.357,0.5,19.4 
405,TOR,122,8,.733,1.3,16.8 
406,WSB,335,21,.444,2.8,16.3 
407,VAN,738,28,.112,1.6,14.7 
408,POR,1672,70,.487,1.2,16.2 
409,BOS,1470,64,.546,1.9,11.5 
410,TOT,571,44,.132,1.3,12.0 
410,TOR,31,1,.000,1.7,0.0 
410,NYK,540,43,.139,1.3,12.6 
411,PHO,1652,62,.327,1.4,12.0 
412,NJN,1858,80,.412,1.0,12.0 
413,DAL,1806,65,.327,1.3,24.2 
414,MIN,189,9,.825,1.4,29.7 
415,TOT,184,31,.294,1.7,19.0 
415,NYK,62,14,.364,1.7,16.4 
415,SAS,122,17,.261,1.7,20.2 
416,DEN,817,52,.154,2.2,15.8 
417,PHI,193,13,.414,1.6,18.9 
418,TOT,2169,73,.287,2.0,14.2 
418,SAC,1381,45,.319,2.0,14.3 
418,MIA,788,28,.224,2.1,14.0 
419,SAC,609,53,.313,0.9,19.9 
420,TOT,2135,75,.284,0.8,16.7 
420,MIA,1357,47,.303,0.7,17.5 
420,GSW,778,28,.257,0.9,15.7 
Rk,Tm,MP,G,FTr,STL%,TOV% 
421,PHI,79,6,.200,2.0,4.4 
422,SEA,695,60,.193,1.5,15.4 
423,POR,487,44,.217,2.1,15.3 
424,TOT,1065,64,.110,0.7,13.2 
424,CHH,18,1,.000,5.8,66.7 
424,ORL,1047,63,.111,0.6,12.7 
425,TOT,772,62,.287,1.2,10.9 
425,GSW,96,21,.571,1.1,14.6 
425,PHO,34,4,.333,1.5,22.5 
425,DAL,642,37,.260,1.3,10.0 
426,DEN,72,8,.091,4.3,17.9 
427,IND,1164,77,.282,3.0,24.2 
428,TOT,1434,57,.506,1.1,14.8 
428,PHI,1136,46,.484,1.1,14.8 
428,TOR,298,11,.570,1.0,14.9 
