Rk,Tm,MP,G,FTr,STL%,TOV% 
1,GSW,196,23,.352,1.0,12.6 
2,DEN,2324,69,.260,0.7,9.2 
3,MIN,29,4,.000,1.7,26.7 
4,TOT,340,34,.135,1.7,11.3 
4,DAL,75,10,.094,2.1,2.9 
4,TOR,265,24,.149,1.6,13.6 
5,TOR,59,12,.133,1.8,15.9 
6,OKC,142,18,.267,1.8,32.3 
7,POR,3211,81,.314,1.4,8.7 
8,ORL,178,18,.065,0.3,8.6 
9,BOS,2890,80,.224,1.4,9.8 
10,MEM,1494,72,.370,4.5,13.1 
11,LAC,1452,81,.293,2.1,18.3 
12,GSW,691,46,.475,1.0,9.8 
13,DEN,732,45,.985,1.6,11.3 
14,TOT,373,40,.182,0.7,14.4 
14,TOR,150,11,.149,1.0,13.8 
14,NOH,223,29,.203,0.5,14.8 
15,SAS,286,26,.222,0.5,12.8 
16,ORL,1424,64,.223,1.1,7.8 
17,TOT,2751,77,.403,1.2,10.4 
17,DEN,1774,50,.431,1.2,11.0 
17,NYK,977,27,.351,1.3,9.4 
18,MIA,1463,75,.737,0.4,21.5 
19,TOT,1796,70,.208,2.1,18.1 
19,WAS,726,21,.203,2.1,16.5 
19,ORL,1070,49,.213,2.2,19.3 
20,NOH,2600,75,.259,2.5,12.2 
Rk,Tm,MP,G,FTr,STL%,TOV% 
21,TOT,488,53,.434,1.9,23.6 
21,WAS,412,41,.359,1.9,25.2 
21,ATL,76,12,.833,2.1,15.5 
22,TOT,1185,64,.172,0.9,17.0 
22,MIA,995,49,.147,0.7,14.5 
22,BOS,190,15,.343,2.0,29.7 
23,MEM,1609,80,.215,1.7,11.4 
24,CHI,989,82,1.028,1.1,23.8 
25,CHA,2757,82,.310,1.0,12.5 
26,POR,137,24,.164,0.8,11.9 
27,TOT,62,8,.308,3.2,6.3 
27,DEN,44,5,.444,3.4,0.0 
27,NYK,18,3,.000,2.8,20.0 
28,TOR,22,3,4.000,2.3,26.6 
29,TOR,1395,58,.210,1.9,10.5 
30,DAL,1669,81,.242,0.9,15.9 
31,TOR,2353,66,.298,0.7,10.3 
32,LAL,1020,53,.276,2.0,15.6 
33,TOT,305,21,.242,1.4,12.7 
33,PHO,183,12,.392,1.7,15.5 
33,MIL,85,7,.054,1.3,5.0 
33,POR,37,2,.182,0.0,20.2 
34,ORL,1980,76,.361,0.7,11.5 
35,PHI,377,38,.146,0.7,10.5 
36,TOT,2375,82,.183,1.5,12.6 
36,HOU,1818,59,.186,1.5,12.5 
36,MEM,557,23,.168,1.5,12.9 
37,POR,2522,80,.203,1.5,8.6 
38,TOT,1496,71,.398,1.3,17.3 
38,NOH,149,11,.347,0.7,23.1 
38,TOR,1347,60,.404,1.4,16.6 
39,MIN,2361,73,.234,1.1,12.4 
40,DAL,496,28,.135,2.1,16.6 
Rk,Tm,MP,G,FTr,STL%,TOV% 
41,NOH,1957,80,.181,1.1,9.4 
42,GSW,171,19,.093,1.8,11.8 
43,UTA,2097,68,.218,1.4,11.0 
44,TOT,2285,80,.108,1.2,14.3 
44,ATL,1674,56,.104,1.2,12.8 
44,WAS,29,2,.000,1.8,10.0 
44,MIA,582,22,.127,1.0,19.4 
45,GSW,1397,59,.117,1.9,16.9 
46,TOT,2310,72,.528,1.5,15.3 
46,DEN,1646,51,.535,1.6,16.3 
46,NYK,664,21,.512,1.4,13.2 
47,SAS,1734,81,.235,2.8,14.9 
48,LAL,1581,79,.098,1.3,18.6 
49,WAS,2172,64,.296,2.3,13.7 
50,LAC,1841,81,.274,2.6,26.3 
51,CHI,1461,82,.104,1.4,11.3 
52,MIL,2297,65,.292,1.1,13.0 
53,SAS,1432,66,.116,0.9,6.5 
54,WAS,1063,65,.399,1.4,11.3 
55,CHI,1882,59,.289,1.3,13.5 
56,MIA,2795,77,.446,1.1,9.8 
57,MIL,862,57,.233,2.4,11.8 
58,PHI,33,3,.000,1.6,0.0 
59,BOS,162,31,.179,3.0,18.1 
60,PHI,2809,81,.278,1.7,8.4 
Rk,Tm,MP,G,FTr,STL%,TOV% 
61,TOT,1510,69,.393,3.3,13.2 
61,MIN,1362,56,.391,3.3,13.1 
61,DAL,148,13,.412,3.9,14.2 
62,CHI,1781,81,.311,3.2,10.2 
63,MIL,677,63,.628,1.1,16.7 
64,TOT,1284,59,.239,1.3,13.2 
64,HOU,811,34,.214,1.3,11.5 
64,PHO,473,25,.285,1.4,16.4 
65,TOT,576,49,.458,1.8,18.2 
65,CHA,488,41,.416,1.8,17.3 
65,NYK,88,8,.722,2.3,22.8 
66,CHA,1714,66,.616,0.8,12.6 
67,LAL,1568,82,.157,2.3,9.8 
68,LAL,2779,82,.356,1.9,11.4 
69,HOU,1738,78,.210,1.2,8.5 
70,DAL,867,29,.233,1.7,10.5 
71,TOT,770,47,.114,0.5,8.8 
71,LAC,744,41,.119,0.6,8.5 
71,CHI,26,6,.000,0.0,15.4 
72,LAL,1500,54,.506,0.7,12.8 
73,DET,1125,61,.300,2.5,15.3 
74,TOR,2102,68,.173,2.0,18.8 
75,POR,1540,59,.238,1.4,16.0 
76,LAL,215,41,.348,1.0,20.0 
77,DAL,618,56,.180,2.0,13.6 
78,TOT,336,27,.245,1.8,11.6 
78,GSW,331,25,.252,1.7,11.9 
78,MEM,5,2,.000,10.4,0.0 
79,TOT,50,12,.167,1.0,0.0 
79,MEM,39,7,.222,1.3,0.0 
79,HOU,11,5,.000,0.0,0.0 
80,CHA,582,54,.261,1.6,9.4 
Rk,Tm,MP,G,FTr,STL%,TOV% 
81,TOT,463,33,.075,2.9,26.3 
81,DEN,153,14,.067,3.0,31.2 
81,NYK,310,19,.079,2.9,24.1 
82,TOT,2051,73,.194,1.7,8.5 
82,ORL,664,22,.282,1.6,10.7 
82,PHO,1387,51,.157,1.7,7.5 
83,SAC,1702,71,.185,1.6,10.3 
84,MIA,1579,70,.160,2.5,18.0 
85,DAL,2059,74,.725,0.9,14.1 
86,TOT,2401,72,.169,1.0,9.2 
86,NYK,1759,51,.167,1.0,8.1 
86,DEN,642,21,.174,1.1,12.5 
87,PHO,894,54,.276,1.9,15.5 
88,TOT,464,42,.297,0.9,13.5 
88,PHO,72,9,.323,0.7,5.3 
88,ORL,392,33,.291,0.9,15.4 
89,TOT,181,28,.476,1.1,21.6 
89,LAC,157,23,.667,1.3,20.5 
89,POR,24,5,.000,0.0,25.0 
90,ATL,593,49,.577,0.8,22.6 
91,CHA,66,20,.040,1.6,13.6 
92,IND,2360,79,.267,1.9,16.6 
93,OKC,1524,71,.302,1.4,16.7 
94,MEM,2872,81,.259,2.6,14.2 
95,LAC,447,40,.141,1.4,12.2 
96,OKC,598,43,.110,1.2,8.2 
97,UTA,18,4,.000,0.0,25.0 
98,SAC,2309,81,.400,1.9,18.5 
99,ATL,2297,76,.297,1.3,12.8 
100,TOT,1027,42,.168,2.0,13.4 
100,ATL,160,16,.078,1.0,15.8 
100,WAS,867,26,.184,2.1,12.9 
Rk,Tm,MP,G,FTr,STL%,TOV% 
101,TOT,1637,78,.131,1.8,9.3 
101,POR,1108,56,.155,1.9,9.6 
101,CHA,529,22,.094,1.5,8.7 
102,GSW,2489,74,.216,2.2,16.4 
103,SAC,1938,80,.261,0.9,17.3 
104,MIA,815,51,.494,0.9,22.8 
105,PHI,35,4,.400,0.0,14.5 
106,BOS,938,49,.246,2.2,12.9 
107,TOT,1649,58,.189,2.4,16.3 
107,LAC,1269,43,.202,2.5,16.0 
107,CLE,380,15,.152,2.2,17.0 
108,TOR,1602,65,.343,1.3,10.1 
109,BOS,2298,78,.331,1.8,8.5 
110,DET,1446,72,.229,1.5,10.2 
111,MIL,1590,49,.146,2.6,9.5 
112,CHI,3208,82,.291,1.3,10.7 
113,TOR,2851,82,.348,1.5,9.8 
114,CHA,2778,82,.159,1.4,16.7 
115,LAC,470,36,.419,0.3,11.2 
116,CHA,181,16,.458,1.2,27.6 
117,MIL,1757,80,.181,1.6,14.0 
118,TOR,522,43,.657,2.4,23.4 
119,NYK,1971,81,.142,2.3,10.0 
120,MIL,884,44,.326,1.8,10.1 
Rk,Tm,MP,G,FTr,STL%,TOV% 
121,PHO,292,24,.136,3.5,18.0 
122,TOT,1234,70,.302,2.1,19.0 
122,PHO,856,48,.307,2.1,21.1 
122,HOU,378,22,.288,1.9,13.0 
123,PHO,2140,82,.347,2.1,9.6 
124,ORL,774,51,.194,1.1,30.3 
125,SAS,2156,76,.307,1.2,11.4 
126,IND,1683,61,.240,1.2,10.7 
127,TOR,13,3,.000,0.0,0.0 
128,OKC,3038,78,.439,1.5,10.6 
129,LAL,118,20,.451,1.8,8.9 
130,MIN,1181,62,.134,1.2,11.2 
131,GSW,3227,80,.268,2.6,12.3 
132,UTA,610,62,.274,1.8,20.2 
133,DEN,366,30,.412,0.5,18.9 
134,TOT,595,41,.541,1.3,19.8 
134,BOS,531,37,.557,1.3,20.9 
134,CLE,64,4,.429,1.6,10.7 
135,UTA,463,49,.322,1.9,12.6 
136,TOT,1549,73,.137,1.1,6.8 
136,ATL,837,47,.139,1.0,6.6 
136,WAS,712,26,.135,1.3,7.1 
137,TOR,798,30,.854,1.9,21.6 
138,SAC,2107,57,.285,2.0,14.9 
139,NOH,19,7,.800,0.0,12.9 
140,CLE,947,44,.092,1.9,12.9 
Rk,Tm,MP,G,FTr,STL%,TOV% 
141,NJN,1796,73,.154,1.8,16.7 
142,TOT,1535,78,.416,1.0,13.5 
142,NJN,1091,56,.420,0.9,14.6 
142,UTA,444,22,.407,1.3,11.3 
143,TOT,2737,75,.240,2.3,16.6 
143,NYK,2074,54,.226,2.3,16.7 
143,DEN,663,21,.294,2.1,16.3 
144,POR,1821,78,.254,2.6,12.1 
145,UTA,456,53,.460,0.5,17.2 
146,NYK,2541,82,.244,1.6,13.8 
147,LAL,2297,82,.195,2.3,10.9 
148,MIN,983,53,.142,1.7,26.4 
149,DEN,791,63,.319,1.5,12.9 
150,IND,773,41,.203,2.3,19.7 
151,IND,940,56,.287,1.3,12.1 
152,LAC,1551,63,.281,1.6,13.7 
153,PHO,2541,77,.129,0.9,7.7 
154,TOT,463,42,.209,1.4,17.1 
154,GSW,297,28,.159,1.7,18.2 
154,NJN,166,14,.317,1.0,14.6 
155,TOT,301,24,.343,2.8,18.3 
155,MIN,65,8,.455,2.3,18.5 
155,TOR,90,6,.171,2.3,17.5 
155,NJN,146,10,.417,3.3,18.6 
156,TOT,2104,62,.611,1.2,9.3 
156,NYK,1671,48,.570,1.1,8.4 
156,DEN,433,14,.771,1.5,12.5 
157,SAC,1386,58,.160,1.9,8.1 
158,BOS,2220,71,.264,2.3,11.1 
159,MEM,2586,81,.425,1.5,15.1 
160,LAL,3037,82,.384,0.8,9.8 
Rk,Tm,MP,G,FTr,STL%,TOV% 
161,MEM,2152,54,.277,2.2,12.2 
162,TOT,1118,56,.348,1.8,15.3 
162,SAS,18,5,.000,0.0,50.0 
162,WAS,127,11,.444,2.8,19.9 
162,CLE,973,40,.342,1.7,14.0 
163,IND,1265,61,.256,2.5,13.7 
164,CLE,1865,67,.247,1.3,9.9 
165,CHI,1742,80,.295,1.2,11.1 
166,SAS,2426,80,.403,2.6,12.7 
167,LAC,2095,76,.168,1.5,9.2 
168,MIL,860,35,.282,1.3,10.2 
169,DET,2131,82,.208,1.2,14.4 
170,LAC,2112,56,.367,1.7,12.0 
171,TOT,2032,80,.320,0.9,10.5 
171,ORL,396,25,.222,0.9,16.0 
171,PHO,1636,55,.335,0.9,9.7 
172,CLE,586,39,.201,0.5,12.6 
173,NJN,959,59,.190,0.8,14.9 
174,IND,2763,79,.370,1.6,12.3 
175,NOH,531,41,.343,1.1,21.9 
176,SAS,92,8,.000,1.1,12.5 
177,TOT,2427,75,.298,1.1,9.6 
177,OKC,1815,49,.293,1.1,9.8 
177,BOS,612,26,.312,1.1,9.1 
178,NOH,1674,77,.164,1.2,9.3 
179,SAC,1127,69,.168,1.6,12.6 
180,NJN,5,3,1.000,10.7,0.0 
Rk,Tm,MP,G,FTr,STL%,TOV% 
181,LAC,3112,82,.505,1.0,11.7 
182,MEM,168,31,.397,0.6,13.9 
183,DET,1498,55,.256,1.4,10.5 
184,IND,1535,70,.413,1.2,9.5 
185,TOT,640,49,.126,1.2,6.9 
185,BOS,241,28,.113,0.9,6.3 
185,CLE,399,21,.133,1.4,7.1 
186,OKC,2189,82,.501,2.2,11.3 
187,DEN,1665,73,.173,1.2,12.7 
188,TOT,2254,71,.494,1.7,17.3 
188,NJN,1724,54,.502,1.8,17.5 
188,UTA,530,17,.473,1.3,16.8 
189,CLE,933,54,.322,1.7,16.0 
190,HOU,16,4,.667,0.0,11.4 
191,MIA,345,13,.233,1.1,12.9 
192,PHI,1718,81,.155,0.9,13.8 
193,HOU,2079,74,.307,1.9,14.1 
194,UTA,1218,72,.331,1.3,17.3 
195,MIN,419,42,.273,1.4,9.9 
196,DAL,1331,72,.794,0.6,14.5 
197,SAC,586,36,.305,0.9,14.7 
198,CHA,1661,68,.286,1.6,9.1 
199,MEM,527,38,.325,1.1,6.6 
200,IND,2244,81,.309,0.7,15.5 
Rk,Tm,MP,G,FTr,STL%,TOV% 
201,CLE,2256,80,.392,1.1,13.6 
202,DEN,2291,75,.615,1.8,13.9 
203,SAS,2148,76,.427,1.6,11.6 
204,PHO,2409,80,.312,1.4,12.5 
205,HOU,1125,72,.241,0.6,13.7 
206,TOT,2157,72,.202,1.8,15.1 
206,WAS,1471,48,.240,1.9,14.8 
206,ATL,686,24,.114,1.5,16.0 
207,PHI,2901,82,.209,2.2,16.7 
208,CLE,1182,70,.744,1.0,18.7 
209,ATL,2704,77,.204,1.2,10.6 
210,MIA,978,56,.125,1.7,7.9 
211,ORL,2935,78,.877,1.9,16.2 
212,WAS,409,18,.290,1.6,9.9 
213,MIA,592,57,.280,0.9,15.1 
214,WAS,73,11,.167,2.8,21.4 
215,NJN,2061,74,.328,0.9,13.4 
216,OKC,2216,82,.298,0.7,9.2 
217,PHI,2469,67,.395,2.1,13.4 
218,MIA,1145,72,.144,1.1,13.3 
219,NOH,330,41,.367,1.0,27.0 
220,MIL,1505,60,.205,1.8,10.2 
Rk,Tm,MP,G,FTr,STL%,TOV% 
221,OKC,155,25,.053,2.0,11.4 
222,TOT,1722,83,.336,1.7,13.1 
222,TOR,347,13,.377,2.1,19.3 
222,NOH,1375,70,.326,1.6,11.4 
223,SAC,486,59,.310,1.2,11.4 
224,CHA,2405,67,.288,1.8,14.9 
225,NJN,403,25,.272,2.1,17.8 
226,MIA,3063,79,.446,2.1,13.8 
227,CLE,1842,56,.267,1.4,7.3 
228,TOT,322,17,.708,2.7,14.1 
228,SAS,8,1,.000,0.0,25.0 
228,WAS,314,16,.742,2.8,13.6 
229,UTA,2940,82,.219,0.8,6.8 
230,SAS,2459,81,.304,0.8,11.3 
231,TOT,601,42,.337,2.6,17.5 
231,HOU,138,18,.278,2.6,9.0 
231,NYK,463,24,.380,2.6,22.6 
232,MIL,2169,63,.266,2.3,12.4 
233,SAC,858,62,.158,1.7,15.5 
234,WAS,1112,63,.262,1.2,11.6 
235,TOR,1853,72,.323,1.5,10.9 
236,POR,277,38,.218,1.0,25.6 
237,TOT,138,14,.952,1.2,25.1 
237,POR,106,10,1.000,1.5,23.6 
237,BOS,32,4,.667,0.0,34.0 
238,TOT,822,38,.300,2.1,19.3 
238,CHI,123,13,.317,3.5,27.8 
238,TOR,699,25,.296,1.8,17.2 
239,ATL,2554,72,.209,1.0,10.3 
240,TOT,94,8,.303,0.5,11.8 
240,TOR,81,7,.267,0.6,13.0 
240,LAL,13,1,.667,0.0,0.0 
Rk,Tm,MP,G,FTr,STL%,TOV% 
241,MIN,2069,79,.135,1.4,11.6 
242,IND,589,45,.421,1.7,10.9 
243,DAL,135,18,.378,1.9,16.0 
244,MIA,1549,81,.208,1.0,5.3 
245,IND,528,39,.512,1.2,19.1 
246,LAC,2047,80,.636,1.0,18.8 
247,LAC,838,32,.152,1.0,12.6 
248,PHI,112,24,.071,0.9,6.5 
249,DAL,2653,80,.129,2.7,22.1 
250,UTA,1999,64,.498,2.1,15.0 
251,TOR,1032,39,.160,1.0,13.0 
252,CHI,1649,82,.156,1.1,9.2 
253,TOT,434,50,.287,1.1,15.5 
253,MIN,336,39,.222,1.2,17.4 
253,DEN,98,11,.452,1.0,10.6 
254,TOT,1571,71,.323,0.9,9.8 
254,OKC,1018,47,.216,0.9,9.0 
254,BOS,553,24,.544,0.8,11.2 
255,TOT,2008,76,.419,1.0,11.8 
255,SAC,1406,53,.444,1.1,12.4 
255,NOH,602,23,.360,0.9,10.3 
256,TOT,726,51,.344,2.2,16.7 
256,MEM,94,11,.526,2.2,29.9 
256,GSW,632,40,.323,2.2,14.7 
257,PHO,2,1,0.0,0.0,0.0 
258,DEN,2103,80,.327,1.9,14.8 
259,HOU,1723,81,.208,1.7,9.8 
260,GSW,2634,73,.273,1.4,13.4 
Rk,Tm,MP,G,FTr,STL%,TOV% 
261,TOT,1824,57,.165,1.5,12.2 
261,ORL,810,25,.167,1.4,10.8 
261,WAS,1014,32,.163,1.5,13.5 
262,GSW,285,29,.347,5.9,17.8 
263,CHA,1261,73,.315,2.0,16.3 
264,NJN,2889,82,.374,0.9,10.4 
265,PHO,991,67,.280,0.9,10.7 
266,MIN,2611,73,.486,0.9,11.1 
267,HOU,2563,75,.310,2.0,14.7 
268,CHI,10,2,.667,0.0,0.0 
269,MIL,1401,67,.581,0.8,15.3 
270,MIA,158,18,.818,1.3,14.3 
271,DAL,488,56,.837,1.5,15.7 
272,DAL,2253,80,.197,1.6,12.5 
273,POR,208,29,.182,0.8,18.8 
274,WAS,542,52,.220,1.7,7.4 
275,DEN,1233,48,.199,1.8,13.0 
276,HOU,2603,80,.528,1.6,10.5 
277,NYK,319,26,.130,0.9,6.9 
278,POR,2758,82,.322,2.0,11.0 
279,DET,930,57,.524,1.4,15.9 
280,OKC,1200,82,.177,1.5,17.7 
Rk,Tm,MP,G,FTr,STL%,TOV% 
281,MEM,1869,71,.175,2.0,11.0 
282,MIL,2093,79,.439,1.8,13.1 
283,SAS,1387,73,.224,1.3,16.0 
284,WAS,2193,79,.381,1.0,12.6 
285,DET,1686,72,.251,2.1,15.2 
286,CHA,760,52,.214,0.7,11.2 
287,IND,1597,72,.308,1.5,17.5 
288,PHI,2062,74,.298,1.6,8.5 
289,NOH,35,7,.000,0.0,40.0 
290,UTA,1969,78,.218,2.0,8.6 
291,MIN,1686,69,.199,1.6,19.4 
292,POR,2650,81,.346,2.3,16.8 
293,HOU,1015,60,.318,1.4,13.8 
294,MIA,838,41,.168,1.3,15.9 
295,POR,783,64,.143,1.9,15.1 
296,UTA,2605,76,.342,2.1,11.3 
297,HOU,91,5,.432,0.0,13.7 
298,TOT,1280,75,.250,1.2,12.3 
298,CHA,851,51,.278,0.9,12.5 
298,OKC,429,24,.183,1.9,11.8 
299,DET,2222,80,.424,2.3,11.0 
300,TOT,1042,59,.069,1.4,7.9 
300,CLE,764,40,.058,1.7,8.1 
300,LAC,278,19,.102,0.6,7.5 
Rk,Tm,MP,G,FTr,STL%,TOV% 
301,NJN,1856,58,.173,0.5,7.5 
302,TOT,524,45,.391,1.4,18.3 
302,NYK,458,34,.393,1.5,19.6 
302,DEN,66,11,.381,0.8,10.9 
303,OKC,85,13,.500,1.2,19.0 
304,TOT,466,35,.263,1.7,13.6 
304,NJN,288,18,.224,1.3,13.5 
304,BOS,178,17,.342,2.4,13.8 
305,WAS,80,16,2.400,1.3,22.6 
306,CHA,372,31,.153,1.6,14.5 
307,PHO,2497,75,.307,1.0,22.4 
308,SAS,1685,80,.165,0.8,10.3 
309,ORL,2319,76,.193,1.7,17.6 
310,CHI,1576,48,.468,1.6,15.7 
311,PHI,931,54,.220,0.8,13.4 
312,TOT,215,30,.119,0.2,5.4 
312,DAL,18,7,.000,0.0,0.0 
312,SAS,197,23,.136,0.3,6.0 
313,DAL,2504,73,.376,0.8,9.1 
314,BOS,431,24,.394,0.2,17.4 
315,BOS,752,37,.652,1.1,17.8 
316,POR,45,5,.400,0.0,33.8 
317,LAL,2639,82,.275,0.9,12.2 
318,NOH,2287,72,.492,0.9,15.7 
319,UTA,168,13,.323,1.3,9.0 
320,NJN,2358,82,.234,0.8,8.1 
Rk,Tm,MP,G,FTr,STL%,TOV% 
321,TOT,143,12,.281,3.2,12.2 
321,SAS,31,7,.667,3.4,0.0 
321,WAS,112,5,.192,3.2,15.1 
322,ATL,1244,79,.772,1.5,18.2 
323,CLE,2091,72,.172,1.7,11.9 
324,SAS,2528,78,.283,1.9,14.3 
325,HOU,868,52,.157,1.0,9.8 
326,NOH,2880,80,.414,3.5,13.9 
327,TOT,362,31,.139,1.5,13.6 
327,DAL,163,10,.143,1.6,11.8 
327,NOH,50,4,.000,0.0,8.3 
327,BOS,149,17,.192,1.8,17.5 
328,MIN,887,65,.433,1.0,22.5 
329,TOT,742,29,.554,0.6,25.7 
329,BOS,313,12,.678,0.3,24.6 
329,OKC,429,17,.451,0.8,26.7 
330,OKC,23,4,.000,0.0,0.0 
331,NJN,893,77,.097,2.0,13.2 
332,BOS,2774,80,.440,1.5,12.3 
333,TOT,1107,57,.156,1.3,9.1 
333,ORL,418,19,.052,1.3,10.6 
333,PHO,689,38,.204,1.4,8.4 
334,MIA,11,2,.000,0.0,40.0 
335,NOH,734,66,.189,1.3,7.6 
336,IND,839,49,.062,1.4,8.8 
337,TOT,328,30,.605,1.6,7.4 
337,CLE,187,14,.441,1.9,6.6 
337,MEM,141,16,.767,1.1,8.0 
338,ATL,653,54,.216,0.4,18.9 
339,IND,795,50,.253,1.8,13.0 
340,UTA,717,59,.186,3.1,19.5 
Rk,Tm,MP,G,FTr,STL%,TOV% 
341,DET,2562,78,.168,0.6,7.1 
342,TOT,519,36,.614,0.5,34.2 
342,POR,445,31,.676,0.6,33.3 
342,CHA,74,5,.400,0.0,37.3 
343,SAS,292,41,.088,0.9,11.3 
344,GSW,1169,74,.107,1.9,14.6 
345,TOT,590,40,.326,1.9,14.9 
345,NYK,127,17,.267,1.6,16.6 
345,MIN,463,23,.338,1.9,14.6 
346,MEM,2724,75,.333,1.2,10.0 
347,LAL,71,10,.333,1.5,30.4 
348,NYK,24,5,.286,2.1,47.0 
349,MIL,134,10,.089,0.8,7.9 
350,ORL,1513,59,.286,1.0,9.5 
351,TOT,2715,80,.151,1.8,7.8 
351,PHO,796,25,.185,1.7,6.7 
351,ORL,1919,55,.130,1.8,8.4 
352,ORL,955,57,.173,1.4,10.7 
353,MIN,2159,71,.201,2.1,17.6 
354,TOT,1013,59,.117,1.5,14.7 
354,BOS,983,55,.111,1.6,14.8 
354,OKC,30,4,.267,0.0,10.7 
355,BOS,2527,68,.197,3.2,24.3 
356,CHI,3026,81,.348,1.5,13.1 
357,NJN,353,36,.237,0.5,9.7 
358,POR,1310,47,.264,1.5,8.6 
359,IND,1754,67,.206,1.2,10.9 
360,MIL,2554,73,.267,1.5,12.0 
Rk,Tm,MP,G,FTr,STL%,TOV% 
361,CLE,701,37,.456,1.1,15.5 
362,MIL,872,60,.187,1.3,11.6 
363,CHI,88,18,.000,1.8,20.8 
364,HOU,2412,74,.257,1.0,10.5 
365,OKC,2049,79,.237,2.5,13.0 
366,WAS,635,58,.211,1.4,20.7 
367,CLE,2133,81,.545,1.5,15.6 
368,WAS,159,22,.254,1.6,21.5 
369,PHO,101,21,.710,0.5,19.7 
370,SAS,16,2,.000,0.0,0.0 
371,MIL,6,2,0.0,0.0,0.0 
372,LAC,586,48,.362,1.4,13.2 
373,TOT,442,43,.183,2.1,21.5 
373,HOU,329,28,.120,2.0,22.9 
373,MEM,113,15,.344,2.3,17.8 
374,DEN,1968,79,.282,2.3,10.2 
375,NOH,1102,77,.228,1.3,13.6 
376,TOT,69,16,.125,0.0,22.9 
376,NJN,25,4,.000,0.0,33.3 
376,LAL,44,12,.167,0.0,18.9 
377,ATL,2645,77,.304,2.0,14.3 
378,PHI,71,10,.267,0.0,19.3 
379,PHI,734,64,.251,0.6,11.0 
380,SAS,738,60,.733,2.0,11.2 
Rk,Tm,MP,G,FTr,STL%,TOV% 
381,MIA,50,7,.583,0.0,11.7 
382,IND,115,12,.359,1.8,26.2 
383,DAL,1158,72,.130,1.0,11.2 
384,TOT,617,33,.110,1.1,6.7 
384,NOH,89,6,.212,1.2,10.0 
384,TOR,22,2,.200,0.0,15.5 
384,DAL,506,25,.087,1.1,5.4 
385,NYK,2870,78,.403,1.2,12.5 
386,DET,2183,70,.461,1.9,13.5 
387,DET,199,22,.290,0.8,14.3 
388,ATL,21,3,.500,2.6,29.1 
389,TOT,483,34,.143,1.5,18.1 
389,HOU,77,8,.188,1.3,14.8 
389,SAC,406,26,.134,1.5,18.7 
390,ATL,963,70,.319,2.5,15.6 
391,MIN,711,37,.249,1.7,19.3 
392,TOT,230,24,.250,2.6,23.4 
392,SAS,21,3,.400,2.5,14.5 
392,MIL,83,9,.190,0.6,8.1 
392,CHA,126,12,.262,3.8,29.9 
393,DAL,2564,82,.196,1.9,12.4 
394,TOT,373,47,.875,1.3,23.5 
394,MEM,369,45,.897,1.3,23.8 
394,HOU,4,2,.000,0.0,0.0 
395,ATL,82,13,.714,0.7,15.3 
396,CHI,1178,52,.172,1.4,17.3 
397,CHA,861,41,.411,1.9,14.3 
398,SAC,1748,75,.375,0.8,13.7 
399,TOT,1383,71,.329,1.3,11.5 
399,WAS,1069,49,.327,1.3,10.5 
399,GSW,314,22,.337,1.1,14.3 
400,TOT,1775,73,.228,1.9,9.5 
400,NOH,745,46,.198,1.4,9.2 
400,SAC,1030,27,.249,2.2,9.6 
Rk,Tm,MP,G,FTr,STL%,TOV% 
401,MIN,1362,65,.419,1.0,11.7 
402,NYK,1141,64,.601,1.5,16.6 
403,TOT,2540,81,.216,1.5,14.3 
403,PHO,630,25,.187,1.5,12.9 
403,ORL,1910,56,.227,1.5,14.8 
404,PHI,1797,78,.236,1.4,12.0 
405,GSW,1030,58,.288,1.1,16.1 
406,SAS,130,20,.381,3.2,16.9 
407,SAC,2734,79,.277,1.7,13.2 
408,NJN,438,42,.389,1.6,12.9 
409,CLE,994,31,.375,1.4,13.7 
410,MEM,860,70,.189,1.3,21.7 
411,DET,1666,76,.164,1.4,8.0 
412,TOT,1648,67,.161,1.7,9.4 
412,LAL,54,11,.087,1.0,17.3 
412,NJN,1594,56,.164,1.8,9.0 
413,MIA,2823,76,.471,2.1,12.4 
414,BOS,553,58,.239,1.7,10.2 
415,NYK,784,61,.186,1.3,12.7 
416,WAS,2606,69,.404,2.4,18.6 
417,DET,1238,54,.383,2.3,20.2 
418,TOT,2693,71,.439,2.1,13.0 
418,CHA,1872,48,.488,1.7,12.4 
418,POR,821,23,.335,3.1,14.4 
419,LAL,484,54,.086,1.0,20.5 
420,LAC,134,19,.229,2.3,17.2 
Rk,Tm,MP,G,FTr,STL%,TOV% 
421,PHO,1416,80,.659,1.1,12.1 
422,CHI,1091,82,.236,2.7,14.4 
423,UTA,1567,80,.267,2.1,25.3 
424,UTA,69,5,.320,1.5,19.7 
425,MIN,1094,46,.359,1.3,12.8 
426,TOR,1413,59,.183,1.2,13.4 
427,NOH,2451,70,.314,1.5,10.7 
428,BOS,453,24,.125,2.3,19.2 
429,NJN,116,6,.238,3.2,7.9 
430,OKC,2847,82,.454,2.8,15.9 
431,TOT,685,47,.292,0.9,5.4 
431,OKC,219,23,.154,1.4,9.2 
431,CHA,466,24,.351,0.7,3.8 
432,SAC,2,1,0.0,0.0,0.0 
433,DET,995,57,.276,1.6,10.6 
434,ATL,676,52,.409,2.1,11.5 
435,TOT,2465,65,.423,1.7,16.6 
435,UTA,2009,53,.439,1.7,16.3 
435,NJN,456,12,.343,1.8,18.1 
436,TOT,295,27,.000,2.0,21.2 
436,ORL,171,16,.000,2.5,22.4 
436,MEM,124,11,.000,1.3,19.4 
437,CLE,391,26,.095,1.2,10.9 
438,PHI,1747,75,.448,1.4,9.7 
439,ATL,1865,65,.324,1.0,9.2 
440,TOT,1788,58,.242,1.5,17.5 
440,CLE,1065,36,.221,1.6,17.2 
440,LAC,723,22,.280,1.4,18.0 
Rk,Tm,MP,G,FTr,STL%,TOV% 
441,GSW,1626,80,.234,0.9,8.3 
442,NYK,1323,64,.127,1.5,10.2 
443,TOT,911,59,.341,1.3,14.5 
443,DEN,713,42,.254,1.3,15.5 
443,NYK,198,17,.744,1.3,10.4 
444,TOT,290,21,.183,1.6,21.0 
444,NJN,206,10,.137,1.3,24.4 
444,HOU,84,11,.262,2.4,14.6 
445,LAL,2410,82,.207,2.7,11.1 
446,SAC,31,7,.000,1.6,11.1 
447,TOT,379,37,.265,1.5,9.7 
447,GSW,195,21,.222,0.8,12.6 
447,NJN,184,16,.315,2.3,6.1 
448,GSW,3147,82,.199,2.0,9.6 
449,TOR,766,52,.269,2.6,19.4 
450,WAS,2034,64,.244,1.1,8.0 
451,MEM,1577,78,.235,2.3,10.1 
