Rk,Tm,MP,G,FTr,STL%,TOV% 
1,NYK,1287,68,.293,1.1,13.8 
2,MEM,248,30,.267,3.4,12.7 
3,OKC,1771,70,.514,1.1,16.8 
4,MIN,215,17,.864,0.9,12.9 
5,TOT,2502,78,.224,0.8,10.7 
5,DEN,1750,53,.230,0.9,10.3 
5,POR,752,25,.207,0.6,11.8 
6,NOP,957,68,.301,1.2,15.6 
7,PHI,540,41,.346,1.6,15.9 
8,NYK,976,61,.213,2.0,15.2 
9,POR,2512,71,.256,1.0,7.2 
10,IND,1070,63,.157,0.7,11.1 
11,MEM,1648,63,.277,4.1,14.4 
12,DAL,1366,74,.331,2.6,11.9 
13,TOT,937,53,.341,1.2,17.5 
13,CLE,79,12,.417,0.7,26.0 
13,NYK,858,41,.337,1.3,17.0 
14,MIA,1132,60,.551,1.2,13.5 
15,BRK,1744,74,.230,1.7,11.0 
16,SAS,358,33,.157,2.1,9.5 
17,NOP,1675,61,.207,1.0,7.2 
18,MIL,2541,81,.445,1.5,15.6 
19,NYK,1428,40,.294,1.5,8.9 
20,DET,406,49,.355,1.5,14.3 
Rk,Tm,MP,G,FTr,STL%,TOV% 
21,ATL,1037,63,.416,0.9,12.3 
22,HOU,2930,82,.157,2.6,12.7 
23,DEN,988,58,.154,2.4,10.3 
24,NOP,1982,76,.546,0.8,15.7 
25,TOT,1964,82,.317,1.3,16.4 
25,DET,1287,54,.367,1.3,17.0 
25,OKC,677,28,.194,1.2,14.8 
26,SAS,383,51,.379,1.1,19.0 
27,NOP,830,63,.099,1.1,11.5 
28,CHI,64,18,.357,1.6,15.6 
29,GSW,982,66,.192,2.0,9.5 
30,DAL,1362,77,.175,1.2,10.8 
31,NYK,785,29,.296,0.1,9.3 
32,GSW,2318,82,.229,1.3,9.0 
33,LAC,2271,76,.152,1.5,11.6 
34,PHO,143,16,.308,1.4,10.1 
35,TOT,983,58,.266,2.5,13.4 
35,POR,300,30,.150,2.4,13.8 
35,DEN,683,28,.312,2.5,13.3 
36,BOS,1929,82,.313,1.1,9.6 
37,POR,2380,71,.163,1.7,17.0 
38,MIL,1717,77,.266,1.8,18.8 
39,SAS,1122,70,.318,0.7,14.8 
40,ATL,1324,75,.302,2.0,16.3 
Rk,Tm,MP,G,FTr,STL%,TOV% 
41,WAS,2107,63,.195,1.8,11.7 
42,MIA,505,24,.123,1.6,14.2 
43,SAS,1388,62,.211,1.1,10.6 
44,UTA,3,2,0.0,0.0,100.0 
45,MIN,894,57,.215,1.5,10.0 
46,HOU,1727,56,.113,1.7,12.9 
47,SAC,3,3,.000,0.0,0.0 
48,CHO,1243,64,.941,0.7,16.5 
49,TOT,1196,63,.432,0.8,12.9 
49,HOU,393,25,.349,0.8,16.6 
49,LAL,803,38,.468,0.8,11.2 
50,WAS,180,29,.105,2.0,17.9 
51,POR,1529,81,.125,1.4,23.2 
52,PHO,2800,81,.422,2.3,18.1 
53,LAL,74,2,.167,2.1,15.7 
54,BRK,1854,78,.184,0.9,11.1 
55,GSW,1583,67,.118,1.2,22.1 
56,SAS,935,72,.161,0.5,4.3 
57,UTA,1564,79,.319,1.5,14.3 
58,LAL,1692,71,.202,1.2,10.2 
59,MIA,1556,44,.311,1.4,10.1 
60,BOS,2428,77,.099,1.7,9.4 
Rk,Tm,MP,G,FTr,STL%,TOV% 
61,ATL,486,36,.242,1.8,14.6 
62,TOT,2087,80,.281,2.7,12.7 
62,MIN,680,24,.347,4.0,16.2 
62,HOU,1407,56,.255,2.1,11.2 
63,CHI,1885,82,.213,1.5,14.9 
64,LAL,568,19,.500,1.1,13.4 
65,MIN,549,29,.156,2.6,18.7 
66,BRK,781,47,.271,2.1,10.3 
67,MIA,89,5,.211,2.4,16.2 
68,LAL,1207,35,.338,2.0,13.5 
69,MIN,1286,67,.208,1.7,10.3 
70,TOT,338,36,.129,1.5,9.8 
70,LAC,263,25,.093,1.7,9.6 
70,PHO,75,11,.250,0.7,10.1 
71,UTA,2288,76,.144,1.5,10.4 
72,UTA,899,27,.430,1.0,12.7 
73,DET,1623,78,.154,1.4,10.4 
74,CHI,2513,65,.508,2.3,7.7 
75,WAS,1505,75,.130,1.0,8.1 
76,LAL,123,6,.250,1.2,21.3 
77,WAS,67,7,.129,0.8,19.6 
78,TOR,23,8,.000,0.0,25.0 
79,MEM,838,58,.182,3.9,18.6 
80,NYK,1270,42,.090,1.3,16.9 
Rk,Tm,MP,G,FTr,STL%,TOV% 
81,DET,2587,82,.163,1.9,8.3 
82,TOT,938,47,.159,1.5,13.3 
82,HOU,369,25,.160,1.9,14.1 
82,PHI,569,22,.158,1.3,12.9 
83,HOU,90,12,.793,0.6,11.3 
84,ATL,2189,70,.277,2.2,9.3 
85,MEM,1091,66,.140,2.1,9.1 
86,TOT,2149,66,.317,2.6,19.5 
86,PHI,1391,41,.298,2.2,20.1 
86,MIL,758,25,.354,3.4,18.2 
87,SAC,1416,67,.447,1.1,14.7 
88,MIA,2368,80,.401,2.7,18.2 
89,DAL,2286,75,.584,0.9,16.0 
90,DEN,2471,78,.146,1.2,9.6 
91,CLE,69,8,.316,4.5,15.6 
92,UTA,29,4,.000,1.8,7.7 
93,BRK,93,10,.133,1.7,15.9 
94,TOT,192,30,.164,2.4,13.2 
94,UTA,161,23,.114,2.0,13.2 
94,DEN,31,7,.364,4.8,13.6 
95,LAL,1476,59,.265,1.8,12.6 
96,POR,76,10,.000,0.7,16.7 
97,TOT,1831,75,.145,1.6,14.3 
97,MIA,1148,47,.150,1.9,15.1 
97,NOP,683,28,.139,1.2,13.3 
98,SAC,1565,45,.335,2.2,15.1 
99,OKC,1101,66,.257,1.6,13.8 
100,MEM,2225,70,.282,2.1,13.6 
Rk,Tm,MP,G,FTr,STL%,TOV% 
101,UTA,87,16,.955,3.7,8.8 
102,IND,828,50,.145,0.7,15.2 
103,UTA,159,15,.261,1.3,13.5 
104,SAC,2013,59,.508,2.3,16.3 
105,PHI,1956,70,.287,2.5,13.1 
106,POR,683,51,.105,1.4,8.6 
107,LAC,1703,64,.300,1.8,8.8 
108,TOT,1647,82,.259,2.2,7.5 
108,DAL,265,25,.145,2.9,11.0 
108,BOS,1382,57,.277,2.1,6.9 
109,NOP,1652,66,.139,1.5,8.9 
110,LAC,89,19,.394,1.7,15.3 
111,PHO,8,2,.000,0.0,0.0 
112,GSW,2613,80,.251,3.0,14.3 
113,NYK,544,32,.154,1.4,21.9 
114,TOT,397,47,.079,0.8,10.5 
114,HOU,108,17,.085,0.0,9.3 
114,MIN,154,19,.034,1.0,11.8 
114,CHO,135,11,.119,1.1,10.1 
115,TOT,209,21,.011,0.5,9.1 
115,DET,17,3,.000,3.0,14.3 
115,BOS,192,18,.013,0.3,8.3 
116,TOT,423,27,.270,2.1,15.9 
116,PHI,379,20,.277,2.2,15.8 
116,BRK,44,7,.222,1.2,16.8 
117,NOP,2455,68,.384,2.1,6.3 
118,LAL,1840,79,.403,1.4,9.5 
119,LAC,904,74,.373,2.3,11.6 
120,MIA,22,4,.000,0.0,14.3 
Rk,Tm,MP,G,FTr,STL%,TOV% 
121,TOT,344,34,.043,1.8,13.8 
121,SAS,268,26,.035,1.5,13.4 
121,ATL,76,8,.077,2.7,15.7 
122,ORL,845,59,.395,1.0,21.1 
123,CLE,1380,67,.124,0.9,15.9 
124,MIA,2421,72,.319,1.4,10.7 
125,TOR,2100,60,.438,1.8,10.4 
126,SAS,1984,81,.147,0.9,15.8 
127,MIN,2193,73,.477,1.6,16.9 
128,DET,455,34,.201,2.2,15.2 
129,HOU,854,69,.572,2.3,18.4 
130,NOP,177,12,.255,3.3,15.0 
131,LAC,103,12,.381,0.5,0.0 
132,TOT,2640,78,.234,1.5,13.5 
132,PHO,1735,52,.191,1.4,13.4 
132,MIA,905,26,.322,1.6,13.8 
133,TOT,75,16,.167,1.4,13.4 
133,PHO,13,6,.375,0.0,0.0 
133,MIA,62,10,.091,1.7,17.9 
134,PHI,219,12,.052,1.4,29.6 
135,DET,2502,82,.380,1.5,9.7 
136,MIL,1717,72,.158,2.1,12.1 
137,SAS,2227,77,.380,1.4,12.1 
138,CHI,1838,63,.181,1.1,10.4 
139,OKC,913,27,.366,1.3,12.0 
140,NYK,647,39,.224,2.0,14.5 
Rk,Tm,MP,G,FTr,STL%,TOV% 
141,LAL,1675,65,.104,1.0,7.2 
142,DAL,2699,80,.224,2.8,11.7 
143,MIA,1051,62,.381,1.3,11.9 
144,TOT,411,33,.049,2.2,22.2 
144,PHO,58,8,.095,0.0,26.8 
144,MIL,353,25,.041,2.6,21.4 
145,UTA,266,38,.500,2.2,6.6 
146,SAC,764,47,.708,1.4,20.0 
147,NOP,2690,79,.250,2.0,16.0 
148,UTA,1817,82,.077,1.2,21.5 
149,GSW,504,46,.561,0.7,15.6 
150,DEN,2086,75,.391,1.5,12.0 
151,LAC,529,36,.070,1.9,16.4 
152,UTA,2280,74,.362,1.4,10.2 
153,DAL,281,29,.142,2.0,13.8 
154,TOR,216,26,.146,2.6,15.5 
155,ORL,1661,58,.256,1.2,11.4 
156,DEN,1087,50,.137,1.6,12.3 
157,DEN,13,3,.000,0.0,60.0 
158,TOT,239,11,.344,1.7,26.2 
158,PHI,171,6,.349,1.8,26.6 
158,POR,68,5,.333,1.5,25.3 
159,NOP,509,50,.271,1.5,15.1 
160,POR,617,48,.166,0.7,12.4 
Rk,Tm,MP,G,FTr,STL%,TOV% 
161,ORL,1870,75,.072,1.3,13.4 
162,DEN,1426,59,.336,1.6,8.0 
163,NYK,1457,45,.153,1.9,10.1 
164,HOU,200,14,.063,2.2,13.4 
165,TOT,952,47,.147,2.5,12.4 
165,BRK,854,42,.149,2.5,13.3 
165,MIN,98,5,.129,2.6,3.0 
166,MEM,2687,81,.410,1.4,12.2 
167,CHI,2681,78,.317,0.5,10.7 
168,SAC,2408,68,.352,1.5,12.4 
169,TOT,662,54,.414,2.7,13.0 
169,DEN,511,39,.474,2.7,13.1 
169,POR,151,15,.245,2.4,12.8 
170,IND,91,6,.224,2.8,18.2 
171,CHI,1692,62,.364,1.1,11.6 
172,SAS,1587,70,.346,2.2,18.5 
173,UTA,2158,82,.639,1.6,16.9 
174,WAS,864,51,.159,1.2,8.7 
175,PHO,535,41,.413,1.7,16.8 
176,ORL,797,47,.293,1.3,13.9 
177,ORL,790,56,.227,0.9,14.5 
178,PHI,71,9,.105,0.7,28.7 
179,NOP,2018,61,.192,1.3,14.0 
180,WAS,2453,82,.226,1.0,10.5 
Rk,Tm,MP,G,FTr,STL%,TOV% 
181,MIA,613,30,.228,1.1,11.9 
182,PHI,1377,65,.548,1.5,16.3 
183,SAS,2312,81,.172,2.2,10.5 
184,GSW,2490,79,.261,2.4,13.5 
185,DEN,410,43,.074,1.5,7.7 
186,PHO,1446,74,.154,1.4,11.1 
187,TOT,164,24,.213,1.6,21.4 
187,SAS,25,4,.000,0.0,22.2 
187,MEM,139,20,.250,1.9,21.3 
188,TOT,2454,78,.297,1.1,9.0 
188,BOS,1093,33,.303,1.2,9.4 
188,MEM,1361,45,.291,1.0,8.6 
189,ORL,951,52,.111,1.4,13.0 
190,LAC,2356,67,.373,1.4,10.2 
191,TOT,175,20,.317,1.8,20.4 
191,BRK,44,10,.214,1.2,16.4 
191,MIL,131,10,.370,1.9,22.3 
192,CHO,687,45,.134,1.6,7.2 
193,LAC,122,14,.000,0.8,10.3 
194,TOT,712,41,.264,2.0,11.6 
194,MIA,289,24,.108,1.5,10.5 
194,MIN,423,17,.354,2.3,12.1 
195,TOR,1058,74,.842,1.5,8.1 
196,NYK,1681,70,.218,0.6,9.5 
197,HOU,2981,81,.561,2.6,14.9 
198,ORL,674,45,.259,2.4,13.3 
199,DAL,1685,76,.309,2.3,12.5 
200,DEN,719,55,.217,2.7,13.8 
Rk,Tm,MP,G,FTr,STL%,TOV% 
201,CLE,493,51,.125,0.7,17.6 
202,ORL,2369,68,.258,1.5,9.8 
203,MIA,995,62,.268,1.1,13.3 
204,LAC,1274,73,.164,1.0,12.1 
205,TOR,255,29,.239,2.0,13.6 
206,UTA,2618,76,.425,2.2,13.8 
207,CLE,119,22,.433,0.9,21.9 
208,CHO,2315,80,.256,1.1,10.5 
209,LAL,86,9,1.846,1.8,11.3 
210,MIL,1228,67,.396,1.2,17.6 
211,IND,1926,76,.287,0.5,11.8 
212,DEN,1411,73,.438,1.3,14.9 
213,WAS,1693,67,.336,2.0,15.2 
214,IND,1267,43,.267,1.8,10.3 
215,LAL,1874,70,.216,0.9,11.1 
216,IND,2381,82,.304,1.4,13.8 
217,CHI,1610,66,.131,1.5,15.3 
218,NOP,1303,40,.142,2.5,13.8 
219,GSW,657,59,.191,3.0,10.2 
220,SAC,441,46,.659,0.7,19.1 
Rk,Tm,MP,G,FTr,STL%,TOV% 
221,UTA,1064,50,.214,1.5,9.9 
222,ATL,2318,76,.146,1.5,8.9 
223,HOU,1223,41,.641,1.1,17.5 
224,LAC,56,5,.286,5.4,16.0 
225,MIN,742,45,.169,1.1,8.9 
226,WAS,1345,64,.262,1.3,8.5 
227,OKC,2116,64,.140,0.7,10.4 
228,GSW,2069,77,.230,2.1,13.9 
229,MIL,1319,58,.192,1.4,6.9 
230,UTA,1673,79,.113,2.3,20.9 
231,CLE,2730,75,.296,2.2,11.8 
232,BRK,2241,80,.278,1.7,17.2 
233,TOT,2268,77,.219,1.4,14.6 
233,OKC,1398,50,.200,1.5,12.7 
233,DET,870,27,.245,1.2,17.0 
234,DAL,158,16,.852,0.6,13.9 
235,CLE,2493,69,.413,2.3,15.3 
236,CHO,1992,65,.163,1.2,5.9 
237,BRK,531,50,.323,1.0,9.5 
238,DAL,1244,74,.352,1.3,12.2 
239,ATL,297,24,.192,1.7,6.9 
240,DET,1173,41,.263,1.9,12.9 
Rk,Tm,MP,G,FTr,STL%,TOV% 
241,TOT,1230,75,.174,1.9,9.7 
241,DET,703,46,.182,2.0,10.8 
241,BOS,527,29,.166,1.8,8.5 
242,TOT,51,8,.038,2.1,10.2 
242,OKC,25,5,.000,0.0,10.5 
242,UTA,26,3,.111,4.1,9.6 
243,TOR,1979,75,.249,1.1,16.0 
244,TOT,526,29,.104,2.6,8.5 
244,PHI,187,9,.133,2.4,12.4 
244,UTA,211,12,.094,3.0,8.3 
244,MIL,128,8,.067,2.0,0.0 
245,TOR,1370,70,.252,2.0,15.0 
246,BRK,2791,80,.172,1.1,11.1 
247,HOU,262,28,.333,1.3,18.1 
248,MIA,603,32,.281,2.9,13.8 
249,LAL,2245,76,.162,1.3,10.5 
250,LAC,123,33,.524,1.2,3.7 
251,CLE,669,57,.229,1.0,5.5 
252,OKC,631,43,.201,1.4,10.7 
253,HOU,889,33,.314,1.0,9.8 
254,LAC,2820,82,.882,1.5,12.8 
255,BRK,383,44,.468,1.1,16.3 
256,SAS,1444,79,.348,1.6,12.4 
257,POR,1398,74,.186,0.7,15.4 
258,TOT,2135,75,.252,0.9,12.3 
258,UTA,1326,49,.203,0.9,12.8 
258,OKC,809,26,.335,0.8,11.6 
259,BRK,555,33,.284,2.1,13.7 
260,LAL,1233,52,.307,1.2,9.5 
Rk,Tm,MP,G,FTr,STL%,TOV% 
261,CHO,1587,55,.444,1.0,9.9 
262,MIN,72,4,.200,2.1,8.4 
263,BRK,36,7,.800,1.4,12.9 
264,CLE,14,5,.500,0.0,0.0 
265,TOT,2035,63,.251,2.3,16.1 
265,MIL,1688,52,.260,2.5,16.7 
265,PHO,347,11,.203,0.9,12.9 
266,ATL,2418,75,.197,1.1,14.1 
267,MEM,1348,81,.237,1.1,14.9 
268,GSW,72,16,.333,1.4,26.7 
269,OKC,633,47,.220,1.7,9.0 
270,SAC,1192,70,.407,0.6,11.0 
271,NYK,1865,76,.181,2.6,15.1 
272,DEN,268,24,.315,1.5,17.8 
273,MIN,1902,77,.261,1.4,20.4 
274,DEN,2665,75,.392,1.7,14.6 
275,TOT,244,17,.229,1.3,19.7 
275,DAL,11,5,.333,0.0,22.5 
275,NYK,233,12,.222,1.4,19.5 
276,MEM,2354,77,.201,1.7,10.0 
277,GSW,904,49,.332,1.7,12.0 
278,PHI,2,1,.000,0.0,0.0 
279,PHO,1518,69,.295,1.1,15.7 
280,SAS,2033,64,.307,3.7,9.4 
Rk,Tm,MP,G,FTr,STL%,TOV% 
281,POR,847,55,.131,0.6,13.1 
282,MEM,824,63,.216,1.1,10.5 
283,POR,2925,82,.293,1.7,12.6 
284,LAL,1907,74,.410,2.2,17.7 
285,GSW,1468,78,.230,1.6,19.0 
286,BRK,2100,72,.278,1.1,8.6 
287,POR,1638,59,.291,0.5,12.9 
288,CLE,2532,75,.337,1.0,10.0 
289,TOR,2414,70,.299,2.3,12.8 
290,MEM,6,1,.000,8.7,0.0 
291,DET,272,21,.048,1.5,13.1 
292,ATL,833,55,.106,1.8,13.8 
293,IND,1146,61,.481,1.3,18.7 
294,ORL,208,16,.364,2.2,15.0 
295,CLE,1101,57,.127,1.3,10.5 
296,MIL,417,28,.089,2.6,25.0 
297,DET,198,23,.000,0.8,8.6 
298,MIL,104,11,.091,2.5,11.6 
299,MIN,1302,39,.309,1.3,9.7 
300,POR,2024,60,.193,1.9,9.0 
Rk,Tm,MP,G,FTr,STL%,TOV% 
301,CHO,878,61,.370,1.1,11.5 
302,MIL,1697,71,.198,1.7,14.4 
303,PHI,1916,67,.256,2.1,12.3 
304,GSW,137,15,.568,1.8,9.8 
305,SAC,1436,68,.179,1.6,14.4 
306,POR,973,62,.200,2.3,10.8 
307,TOT,1352,62,.306,1.6,17.6 
307,PHI,1319,52,.313,1.7,17.9 
307,HOU,33,10,.133,0.0,5.9 
308,CHI,321,36,.140,0.6,13.0 
309,OKC,485,32,.242,1.7,14.5 
310,TOT,256,23,.418,0.4,16.1 
310,DEN,195,17,.475,0.5,15.0 
310,PHI,61,6,.222,0.0,20.2 
311,SAC,2670,82,.193,1.5,13.3 
312,PHO,36,6,.182,4.2,29.6 
313,MIA,296,17,.245,2.1,27.3 
314,DET,1462,60,.300,2.1,8.6 
315,NOP,43,4,.000,2.4,9.1 
316,MIL,2378,79,.180,2.6,10.8 
317,IND,1841,70,.195,1.7,7.5 
318,TOT,1253,81,.266,1.3,24.3 
318,WAS,631,51,.275,1.1,22.4 
318,SAC,622,30,.257,1.5,26.0 
319,NOP,43,5,.000,1.2,12.5 
320,CLE,701,52,.035,1.0,16.6 
Rk,Tm,MP,G,FTr,STL%,TOV% 
321,TOT,119,10,.289,3.0,10.5 
321,SAC,61,6,.611,5.0,11.6 
321,DET,58,4,.000,0.9,9.1 
322,SAS,801,51,.119,1.8,9.0 
323,UTA,924,47,.361,3.2,19.5 
324,ATL,2390,73,.362,2.8,13.3 
325,CHI,1654,82,.455,1.7,10.6 
326,CHI,128,23,.100,1.6,18.3 
327,DET,2137,69,.394,1.9,13.0 
328,CHI,504,56,.144,2.1,8.7 
329,SAC,2,3,.000,0.0,0.0 
330,BRK,299,38,.085,1.6,16.0 
331,PHO,2045,81,.148,1.5,8.2 
332,PHO,2581,82,.211,2.0,12.4 
333,OKC,1806,74,.145,1.5,5.5 
334,HOU,2037,71,.237,1.4,13.7 
335,TOT,2045,81,.382,0.8,14.9 
335,DEN,897,35,.371,0.8,14.8 
335,CLE,1148,46,.389,0.8,15.0 
336,MIN,866,38,.365,1.1,7.1 
337,TOT,18,5,.400,2.8,40.5 
337,UTA,1,1,.000,0.0,0.0 
337,WAS,17,4,.500,3.0,45.0 
338,ATL,502,40,.166,1.6,11.5 
339,MIA,1012,51,.246,2.1,24.3 
340,TOT,1193,54,.268,1.0,10.4 
340,CHO,931,43,.256,0.9,11.0 
340,MIN,262,11,.314,1.4,7.7 
Rk,Tm,MP,G,FTr,STL%,TOV% 
341,TOT,1407,63,.071,1.7,17.3 
341,DAL,584,23,.049,1.3,19.0 
341,BOS,121,6,.220,2.9,16.7 
341,DEN,702,34,.063,1.8,16.5 
342,ORL,492,40,.132,0.6,10.7 
343,CHI,2049,67,.407,1.2,19.6 
344,PHI,2311,75,.352,2.9,16.2 
345,TOR,23,6,.500,4.5,17.0 
346,TOT,197,35,.036,0.0,8.1 
346,UTA,109,22,.057,0.0,7.7 
346,OKC,88,13,.000,0.0,8.7 
347,DAL,2282,77,.272,0.9,6.5 
348,DEN,1103,62,.345,2.4,16.3 
349,MIL,368,34,.225,0.7,15.9 
350,ORL,824,51,.236,1.9,17.1 
351,ORL,2573,72,.295,2.4,14.3 
352,BOS,1423,64,.258,2.3,14.3 
353,MIN,68,6,.571,0.7,10.2 
354,MIL,1730,73,.302,2.4,18.2 
355,HOU,795,43,.091,1.8,21.2 
356,CHO,73,9,.057,0.0,7.7 
357,MIL,738,25,.251,2.1,13.9 
358,SAS,1953,68,.200,1.2,13.9 
359,DAL,2186,66,.233,1.6,9.5 
360,TOR,2156,81,.150,1.4,8.7 
Rk,Tm,MP,G,FTr,STL%,TOV% 
361,LAC,2857,82,.274,2.8,12.7 
362,TOT,739,32,.209,1.3,15.5 
362,ATL,19,3,.286,2.7,0.0 
362,MIN,720,29,.207,1.3,15.9 
363,ORL,2489,82,.302,2.9,20.2 
364,MIN,815,31,.393,1.2,9.8 
365,TOT,1148,68,.366,0.7,26.5 
365,OKC,981,51,.403,0.7,25.3 
365,CLE,167,17,.195,0.6,32.1 
366,WAS,1914,73,.320,1.2,10.9 
367,BRK,1743,82,.648,1.9,14.4 
368,TOT,1194,73,.181,1.7,15.7 
368,PHO,1005,54,.195,1.7,17.5 
368,MIL,189,19,.136,1.6,8.8 
369,TOT,1793,75,.215,0.6,9.4 
369,MEM,540,30,.222,0.5,6.3 
369,NOP,1253,45,.212,0.6,10.7 
370,WAS,1432,74,.202,1.6,10.9 
371,TOT,236,29,.493,1.9,11.9 
371,BOS,9,5,.400,11.1,25.4 
371,DAL,227,24,.500,1.6,10.6 
372,BOS,600,50,.282,2.5,17.3 
373,TOT,324,26,.175,1.1,8.7 
373,IND,193,10,.202,1.1,9.4 
373,CLE,87,11,.176,1.8,7.6 
373,PHO,44,5,.000,0.0,6.7 
374,LAL,982,43,.202,3.5,17.6 
375,TOT,1197,67,.180,3.4,20.1 
375,NYK,795,43,.161,3.4,21.4 
375,HOU,402,24,.224,3.3,16.9 
376,TOT,1397,58,.162,1.1,7.5 
376,MEM,628,26,.164,0.7,7.1 
376,BOS,198,9,.102,1.3,6.1 
376,DET,571,23,.181,1.4,8.5 
377,MIN,23,5,.250,2.2,18.4 
378,LAL,14,1,.667,0.0,20.5 
379,TOT,126,21,.343,2.0,6.9 
379,PHO,101,16,.400,2.0,6.4 
379,BOS,25,5,.200,2.0,8.4 
380,MEM,2304,71,.320,1.6,12.8 
Rk,Tm,MP,G,FTr,STL%,TOV% 
381,LAC,2409,78,.216,0.8,8.5 
382,WAS,43,5,.400,0.0,10.2 
383,PHI,416,19,.124,1.6,7.9 
384,ORL,683,47,.119,1.5,17.0 
385,TOT,1563,76,.254,1.6,10.5 
385,NOP,772,35,.320,1.2,10.6 
385,LAC,791,41,.201,1.9,10.5 
386,OKC,1286,67,.239,2.1,17.2 
387,CHO,1330,72,.164,1.3,10.5 
388,TOT,261,35,.358,1.2,12.4 
388,MIN,108,25,.667,1.4,8.8 
388,PHI,153,10,.186,1.0,14.7 
389,TOT,591,42,.180,1.7,9.8 
389,DEN,465,33,.196,1.5,9.0 
389,LAC,126,9,.118,2.4,13.0 
390,TOT,798,54,.408,2.0,16.1 
390,POR,391,32,.527,2.1,22.7 
390,PHI,407,22,.343,2.0,11.8 
391,TOT,2018,68,.121,2.3,23.6 
391,BOS,699,22,.180,2.7,25.8 
391,DAL,1319,46,.094,2.1,22.6 
392,CHI,1530,51,.224,1.2,14.9 
393,TOR,2092,82,.074,1.3,8.1 
394,MIN,692,22,.324,2.8,20.4 
395,IND,1047,68,.087,0.8,14.7 
396,GSW,271,33,.204,0.9,15.8 
397,LAL,1133,67,.268,1.3,9.5 
398,NOP,270,21,.083,1.8,9.1 
399,PHI,1131,74,.272,1.7,16.4 
400,MIL,586,27,.279,2.3,12.7 
Rk,Tm,MP,G,FTr,STL%,TOV% 
401,ATL,1516,77,.269,1.7,16.8 
402,IND,1659,81,.352,1.5,11.3 
403,ATL,1123,68,.170,1.1,7.4 
404,ATL,976,52,.233,2.8,12.2 
405,WAS,1235,79,.182,0.4,16.8 
406,TOT,1188,64,.518,1.2,17.3 
406,SAC,642,36,.481,1.0,18.7 
406,WAS,546,28,.563,1.5,15.7 
407,TOT,1545,62,.136,2.7,15.4 
407,NYK,625,24,.172,2.5,15.4 
407,CLE,920,38,.105,2.9,15.5 
408,TOT,767,42,.448,2.0,10.7 
408,PHI,285,17,.438,2.5,10.4 
408,HOU,59,9,.458,0.8,14.8 
408,NYK,423,16,.453,1.9,10.3 
409,PHI,1399,73,.273,1.4,15.0 
410,TOT,1743,80,.117,1.4,10.5 
410,DET,1287,54,.103,1.3,10.3 
410,OKC,456,26,.167,1.5,11.2 
411,IND,1107,53,.217,1.1,14.3 
412,BOS,1808,67,.266,2.7,14.4 
413,DAL,363,42,.796,1.0,14.3 
414,TOT,832,55,.155,2.2,16.6 
414,OKC,155,30,.200,1.3,15.5 
414,PHI,677,25,.149,2.4,16.7 
415,TOT,2080,70,.095,2.1,11.0 
415,NYK,619,24,.155,1.5,14.4 
415,CLE,1461,46,.065,2.3,9.1 
416,NYK,1785,82,.258,0.9,13.6 
417,TOT,2300,83,.258,1.9,15.8 
417,DET,896,28,.284,2.1,14.1 
417,HOU,1404,55,.242,1.8,16.9 
418,TOT,65,12,.520,2.4,28.1 
418,NOP,29,6,.000,0.0,41.2 
418,MEM,36,6,.867,4.3,19.4 
419,CHI,1412,72,.148,1.2,10.8 
420,GSW,1207,76,.276,0.8,10.2 
Rk,Tm,MP,G,FTr,STL%,TOV% 
421,SAS,1030,52,.396,1.7,14.4 
422,SAC,1127,73,.216,0.9,11.0 
423,CHO,1573,61,.200,1.2,17.6 
424,TOR,66,17,.500,1.6,41.8 
425,SAC,33,3,1.000,3.1,31.6 
426,MEM,126,19,.757,2.1,12.4 
427,TOT,1245,59,.380,1.2,12.0 
427,NYK,865,36,.408,1.2,14.7 
427,DAL,380,23,.330,1.2,6.8 
428,IND,1874,71,.286,1.5,12.2 
429,BOS,1566,58,.182,1.4,9.3 
430,CHO,430,29,.360,1.4,12.6 
431,ATL,2228,73,.360,2.9,16.6 
432,BRK,892,40,.144,0.8,13.5 
433,OKC,327,16,.272,1.5,11.4 
434,WAS,735,52,.282,2.9,15.1 
435,HOU,1641,77,.108,2.0,13.7 
436,TOT,1726,67,.437,1.6,13.1 
436,PHO,1181,46,.412,1.9,12.8 
436,BOS,545,21,.481,1.1,13.5 
437,TOT,1490,62,.224,1.3,13.2 
437,OKC,450,22,.262,1.2,10.8 
437,NYK,1040,40,.209,1.3,14.2 
438,PHI,194,17,.325,0.8,22.1 
439,MEM,7,2,2.000,0.0,0.0 
440,PHI,1776,71,.164,1.6,10.2 
Rk,Tm,MP,G,FTr,STL%,TOV% 
441,SAC,1991,81,.334,0.8,14.6 
442,GSW,2455,77,.197,1.7,9.5 
443,CLE,2194,82,.508,0.8,12.2 
444,TOT,721,48,.162,1.9,6.8 
444,BOS,640,39,.167,1.6,6.3 
444,PHO,81,9,.125,3.7,10.6 
445,TOT,1432,76,.176,0.9,10.8 
445,PHO,272,24,.081,0.7,12.6 
445,DET,1160,52,.197,0.9,10.3 
446,PHO,2383,78,.240,2.2,12.7 
447,MIN,19,2,0.0,0.0,0.0 
448,LAC,705,62,.059,1.4,13.1 
449,BOS,2260,82,.189,1.8,19.7 
450,LAC,128,33,.375,3.2,20.0 
451,MEM,1494,79,.202,1.6,13.9 
452,TOR,2096,80,.423,0.8,12.4 
453,CLE,636,26,.225,1.6,13.7 
454,TOR,1991,82,.091,1.2,13.6 
455,DAL,678,64,.097,1.1,6.9 
456,CHO,259,25,.342,0.8,11.2 
457,ORL,2529,74,.181,1.1,10.2 
458,MIA,1971,62,.341,2.0,14.4 
459,TOT,2208,80,.182,2.1,10.0 
459,CLE,786,33,.175,2.9,12.0 
459,OKC,1422,47,.185,1.6,8.8 
460,MIA,628,24,.107,2.0,12.0 
Rk,Tm,MP,G,FTr,STL%,TOV% 
461,CHO,2119,62,.288,2.2,8.3 
462,WAS,2837,79,.310,2.5,18.7 
463,BOS,286,32,.441,2.6,30.7 
464,PHO,614,40,.089,1.5,10.8 
465,IND,1422,57,.400,2.1,16.9 
466,SAC,7,2,.000,0.0,0.0 
467,NYK,672,51,.124,1.2,13.7 
468,WAS,352,32,.703,1.0,15.6 
469,IND,1895,66,.235,1.3,13.7 
470,OKC,2302,67,.445,3.0,14.3 
471,MIA,1142,48,.403,1.2,11.3 
472,IND,108,20,.548,2.4,8.8 
473,MIN,2969,82,.410,1.5,11.7 
474,LAC,101,21,.053,1.5,20.5 
475,BRK,2114,68,.313,1.6,14.9 
476,SAC,1462,74,.404,1.2,8.9 
477,TOT,119,13,.108,1.8,9.4 
477,UTA,42,5,.154,2.5,22.4 
477,NOP,77,8,.083,1.4,0.0 
478,TOR,2016,80,.426,2.3,8.4 
479,CHO,2035,78,.176,1.8,10.1 
480,TOT,1980,68,.217,1.2,15.4 
480,MIN,1149,41,.210,1.3,17.3 
480,CHO,831,27,.225,1.0,13.4 
Rk,Tm,MP,G,FTr,STL%,TOV% 
481,SAS,105,20,.103,0.5,4.7 
482,TOT,1087,63,.133,1.2,8.6 
482,MIA,924,44,.138,1.2,8.3 
482,DET,163,19,.117,1.3,10.0 
483,NOP,259,37,.781,0.8,12.2 
484,TOT,247,21,.105,1.7,17.9 
484,MIL,142,11,.129,1.8,8.4 
484,NOP,105,10,.077,1.5,27.1 
485,TOT,1449,75,.309,1.7,7.6 
485,DAL,505,27,.356,1.7,7.7 
485,BOS,86,8,.190,0.6,18.0 
485,PHO,858,40,.290,1.9,6.4 
486,POR,592,48,.221,1.7,7.9 
487,PHI,895,30,.415,2.7,18.0 
488,BOS,332,31,.284,1.2,4.2 
489,LAL,1000,42,.311,1.2,7.5 
490,TOT,2434,76,.207,2.6,10.0 
490,MIN,1605,48,.201,2.7,9.7 
490,BRK,829,28,.217,2.4,10.5 
491,CHO,1487,62,.440,1.2,12.2 
