Rk,Tm,MP,G,FTr,STL%,TOV% 
1,LAL,1695,74,.250,1.1,11.5 
2,BOS,632,62,.421,1.5,14.5 
3,DEN,2787,77,.363,2.7,12.5 
4,TOT,2597,80,.309,0.9,12.6 
4,DAL,1529,44,.294,0.9,13.0 
4,DET,1068,36,.338,0.8,11.8 
5,TOT,2377,73,.228,1.9,11.1 
5,BOS,1349,45,.217,1.9,11.3 
5,SAC,1028,28,.242,1.9,11.0 
6,WSB,1141,74,.202,1.0,11.7 
7,TOT,906,66,.188,2.2,11.4 
7,DAL,38,9,.182,1.3,7.8 
7,GSW,868,57,.188,2.3,11.5 
8,SAC,43,7,.105,1.1,9.1 
9,SAS,2401,82,.441,2.0,14.2 
10,SAS,730,36,.469,2.8,28.5 
11,POR,1082,72,.109,1.9,12.9 
12,PHI,2618,82,.199,1.3,9.1 
13,SAS,2738,81,.225,2.5,15.6 
14,NJN,1642,68,.256,2.1,22.9 
15,UTA,2777,82,.346,0.8,12.4 
16,SEA,15,2,.500,0.0,0.0 
17,LAC,130,9,1.472,2.5,11.9 
18,PHI,3088,79,.661,2.0,14.0 
19,ATL,1672,82,.379,1.2,12.4 
20,LAC,2585,79,.470,1.0,17.8 
Rk,Tm,MP,G,FTr,STL%,TOV% 
21,SAC,1406,64,.293,1.3,11.4 
22,TOT,1355,69,.285,1.0,13.6 
22,NJN,556,29,.273,0.9,13.4 
22,HOU,799,40,.296,1.1,13.8 
23,BOS,189,6,.183,1.6,8.9 
24,BOS,108,13,.056,1.4,24.5 
25,DAL,208,37,.481,0.7,18.2 
26,DAL,2946,78,.296,1.1,10.5 
27,CHH,1755,79,.211,3.0,21.4 
28,GSW,1769,80,.192,0.3,17.5 
29,SAS,438,18,.104,1.9,12.7 
30,POR,412,20,.320,0.8,15.9 
31,ATL,267,38,.186,2.9,13.1 
32,POR,811,67,.275,2.6,11.6 
33,MIL,513,48,.285,0.9,12.6 
34,SAS,1822,64,.430,2.6,17.5 
35,PHI,1372,82,.186,2.4,13.9 
36,UTA,1051,66,.524,1.2,20.1 
37,TOT,365,43,.263,2.0,11.4 
37,HOU,91,14,.178,1.6,12.6 
37,MIL,274,29,.315,2.1,10.7 
38,POR,803,56,.279,1.2,12.9 
39,NYK,140,33,.417,0.3,23.0 
40,SEA,2536,80,.421,1.7,14.2 
Rk,Tm,MP,G,FTr,STL%,TOV% 
41,LAL,787,63,.241,2.3,14.0 
42,ATL,1488,78,.323,1.0,13.2 
43,NJN,1996,64,.272,1.7,13.6 
44,CHI,2333,78,.401,0.4,17.4 
45,WSB,2077,79,.373,1.1,13.1 
46,NJN,16,5,1.667,0.0,27.8 
47,PHO,3002,81,.364,1.3,10.8 
48,SEA,4,2,.000,0.0,25.0 
49,CHH,2219,75,.153,1.5,7.7 
50,PHI,2298,71,.280,2.2,12.9 
51,HOU,1539,81,.385,1.5,15.5 
52,PHI,703,58,.320,0.7,14.9 
53,WSB,1425,80,.365,2.3,10.8 
54,SAS,1119,67,.472,1.7,17.1 
55,NJN,2532,82,.398,3.4,18.6 
56,TOT,1143,66,.163,2.8,14.7 
56,SAS,757,36,.178,2.6,15.4 
56,DEN,386,30,.135,3.2,13.1 
57,LAL,1943,80,.188,1.8,14.9 
58,DEN,1864,79,.239,0.9,13.0 
59,PHO,1655,77,.394,2.3,14.7 
60,CHI,1483,81,.218,1.0,16.2 
Rk,Tm,MP,G,FTr,STL%,TOV% 
61,PHO,6,2,.000,0.0,25.0 
62,MIA,1096,53,.246,1.3,20.3 
63,MIL,2824,80,.294,1.8,10.2 
64,CHH,2047,82,.265,1.2,18.0 
65,CHH,813,48,.088,2.5,7.5 
66,LAC,1722,69,.297,2.4,10.1 
67,TOT,2422,73,.595,0.9,11.9 
67,DET,1341,42,.616,0.9,11.4 
67,DAL,1081,31,.573,0.9,12.5 
68,CLE,2821,78,.518,1.1,15.6 
69,DAL,1395,78,.325,1.7,17.5 
70,CHI,545,49,.137,1.0,9.8 
71,TOT,258,33,.333,2.5,9.3 
71,PHO,7,2,.400,0.0,0.0 
71,MIL,251,31,.330,2.5,9.7 
72,DEN,1857,81,.185,1.7,10.2 
73,DET,48,14,.947,0.0,12.9 
74,SAS,1083,32,.280,2.3,19.8 
75,SAC,1556,80,.199,2.0,12.3 
76,DET,74,31,.238,0.7,13.1 
77,DAL,1746,53,.368,0.7,17.5 
78,IND,396,53,.831,0.6,27.1 
79,POR,3064,78,.328,3.2,11.6 
80,POR,2662,79,.369,1.0,12.9 
Rk,Tm,MP,G,FTr,STL%,TOV% 
81,CLE,544,61,.637,0.8,17.0 
82,DET,2408,69,.339,1.3,14.6 
83,MIL,5,2,.000,0.0,0.0 
84,PHO,321,34,.343,1.7,13.0 
85,WSB,1459,80,.473,1.3,12.6 
86,UTA,2914,82,.491,0.7,22.3 
87,DET,1254,76,.460,0.4,12.4 
88,MIA,2349,79,.175,2.9,17.1 
89,CLE,1867,82,.223,2.9,16.8 
90,SEA,3190,82,.270,1.6,10.2 
91,DEN,50,11,.345,0.9,8.2 
92,DEN,2990,82,.201,1.0,8.8 
93,NYK,2896,80,.378,1.9,15.1 
94,UTA,412,37,.289,1.1,14.0 
95,WSB,828,57,.244,1.0,18.1 
96,POR,34,12,.444,0.0,21.8 
97,ATL,231,41,.530,1.5,10.5 
98,IND,2552,76,.373,1.5,16.8 
99,HOU,2788,82,.346,2.1,19.7 
100,GSW,245,32,.560,2.6,20.4 
Rk,Tm,MP,G,FTr,STL%,TOV% 
101,IND,313,46,.272,2.2,19.5 
102,NJN,337,32,.250,2.1,22.0 
103,BOS,375,44,.404,1.8,10.6 
104,GSW,2661,79,.234,2.9,13.6 
105,LAC,1499,71,.354,2.4,21.9 
106,PHO,9,2,2.000,0.0,0.0 
107,SAC,84,24,1.211,1.1,14.7 
108,PHO,2120,74,.347,1.2,11.6 
109,PHI,2739,82,.292,0.8,8.9 
110,LAC,244,27,.421,2.4,13.1 
111,GSW,22,7,.400,0.0,14.5 
112,BOS,528,72,.563,1.7,16.9 
113,LAC,1924,71,.195,3.4,22.3 
114,WSB,1193,71,.146,1.4,6.3 
115,CHI,2809,79,.255,1.5,12.8 
116,IND,783,72,.418,0.7,20.9 
117,MIA,1220,55,.392,1.4,17.9 
118,MIL,200,11,.274,2.4,18.8 
119,LAL,2510,82,.474,1.8,11.5 
120,TOT,871,63,.125,2.2,18.0 
120,CHH,370,33,.106,2.3,16.9 
120,MIL,501,30,.144,2.1,19.0 
Rk,Tm,MP,G,FTr,STL%,TOV% 
121,NYK,1277,82,.403,1.7,20.1 
122,TOT,1403,67,.446,1.5,16.2 
122,SAS,912,38,.425,1.5,15.8 
122,DEN,491,29,.480,1.5,16.7 
123,UTA,2382,82,.174,1.8,11.1 
124,SAS,70,5,.160,0.7,23.0 
125,CHI,289,51,.590,1.9,20.9 
126,UTA,964,46,.250,1.9,11.4 
127,DEN,701,41,.576,1.6,21.9 
128,DAL,2968,81,.252,2.9,14.1 
129,CLE,2851,82,.374,3.2,14.7 
130,DET,7,3,.500,7.2,0.0 
131,MIA,1206,75,.326,1.3,15.3 
132,PHI,2577,79,.299,2.3,12.6 
133,PHI,986,65,.365,2.1,15.3 
134,GSW,1887,81,.362,0.9,9.4 
135,NJN,2542,82,.409,0.6,12.0 
136,TOT,1204,59,.133,1.8,11.1 
136,PHO,92,10,.111,1.0,11.7 
136,CHI,1112,49,.135,1.8,11.1 
137,CHH,1696,67,.284,1.9,17.3 
138,CHH,1419,77,.394,0.8,15.7 
139,NJN,1551,62,.307,2.2,11.2 
140,MIL,112,25,.413,0.4,21.6 
Rk,Tm,MP,G,FTr,STL%,TOV% 
141,PHO,2487,78,.200,2.4,10.3 
142,CLE,191,31,.397,1.5,10.8 
143,DEN,224,26,.188,3.4,13.7 
144,MIL,2220,73,.221,3.1,17.0 
145,UTA,796,77,.270,0.7,22.2 
146,NYK,2477,72,.252,2.6,16.6 
147,SAC,70,14,.083,2.0,13.9 
148,SEA,291,43,.193,3.5,16.7 
149,HOU,1850,67,.260,1.6,16.1 
150,BOS,2309,72,.306,2.0,19.5 
151,PHO,2043,70,.204,1.1,8.4 
152,HOU,879,67,.378,2.3,26.2 
153,PHO,3179,81,.511,2.0,18.9 
154,LAL,2886,77,.495,2.3,18.4 
155,POR,1477,72,.434,0.6,17.2 
156,DET,2073,82,.264,1.8,8.6 
157,TOT,196,33,.203,2.8,5.5 
157,CHI,65,8,.133,1.5,5.9 
157,DAL,131,25,.219,3.4,5.4 
158,NJN,307,37,.422,2.7,13.0 
159,POR,1279,72,.333,0.9,28.3 
160,WSB,1154,53,.200,1.6,22.3 
Rk,Tm,MP,G,FTr,STL%,TOV% 
161,WSB,516,43,.646,1.7,17.3 
162,TOT,682,51,.383,1.5,16.1 
162,SAS,92,7,.520,1.0,18.6 
162,GSW,13,2,.000,10.3,16.7 
162,PHI,577,42,.374,1.4,15.8 
163,CHI,3255,81,.442,3.6,11.9 
164,CHH,1341,79,.618,1.5,22.1 
165,PHO,157,26,.196,2.0,10.7 
166,POR,2716,76,.327,2.3,11.4 
167,CLE,331,42,.169,1.8,10.2 
168,SAS,791,46,.147,1.6,17.5 
169,WSB,2559,81,.322,1.2,12.7 
170,TOT,942,70,.272,1.3,25.5 
170,LAC,729,58,.256,1.5,25.5 
170,CHH,213,12,.333,0.9,25.9 
171,TOT,1411,75,.352,1.1,17.3 
171,SAC,913,47,.290,0.9,16.4 
171,BOS,498,28,.496,1.5,19.1 
172,UTA,176,19,.333,2.5,25.6 
173,ATL,1531,74,.424,1.7,15.8 
174,MIL,2472,80,.458,1.8,13.8 
175,DET,2640,81,.236,1.0,11.5 
176,LAL,176,37,.072,2.2,18.3 
177,DEN,550,54,.438,1.6,14.1 
178,PHO,526,62,.513,1.5,16.3 
179,HOU,627,55,.319,1.9,22.4 
180,UTA,779,75,.514,0.5,20.4 
Rk,Tm,MP,G,FTr,STL%,TOV% 
181,NJN,840,57,.275,1.1,15.5 
182,UTA,781,82,.549,1.7,34.8 
183,DEN,2745,71,.282,3.2,10.3 
184,ATL,2184,80,.336,2.2,13.9 
185,CHH,336,42,.322,1.6,14.8 
186,BOS,2657,81,.291,2.3,9.2 
187,SEA,1806,82,.328,0.7,15.8 
188,LAC,110,20,.469,1.3,25.2 
189,TOT,1214,77,.212,1.2,12.7 
189,BOS,738,48,.170,1.4,14.4 
189,SAC,476,29,.264,0.9,10.4 
190,MIA,2435,82,.587,2.4,18.8 
191,TOT,919,68,.212,1.5,12.7 
191,IND,767,44,.197,1.8,12.2 
191,DET,152,24,.325,0.0,16.4 
192,CHH,250,14,.440,2.7,23.2 
193,SEA,842,74,.258,3.4,16.5 
194,DET,1795,72,.394,1.1,17.4 
195,PHO,1354,54,.294,2.1,9.0 
196,WSB,2418,76,.241,0.8,9.6 
197,UTA,3126,80,.589,2.3,12.7 
198,ATL,2878,81,.649,1.3,14.8 
199,LAC,950,26,.288,2.1,18.7 
200,TOT,32,10,.000,4.6,27.3 
200,DET,14,5,.000,3.6,0.0 
200,ATL,18,5,.000,5.4,33.3 
Rk,Tm,MP,G,FTr,STL%,TOV% 
201,SAS,2065,79,.294,1.9,16.0 
202,HOU,1257,81,.368,0.7,14.3 
203,SAC,2435,68,.321,1.1,16.8 
204,SEA,2385,82,.308,1.7,11.8 
205,GSW,103,11,.789,1.7,10.5 
206,NJN,2027,80,.157,1.9,11.2 
207,BOS,2876,78,.440,0.4,11.9 
208,SEA,2804,82,.387,1.8,14.2 
209,SEA,2341,75,.390,3.2,27.1 
210,LAL,318,39,1.219,0.6,19.6 
211,IND,2536,74,.409,1.8,12.7 
212,TOT,353,24,.660,2.2,20.9 
212,MIA,320,22,.682,2.3,20.2 
212,SAS,33,2,.444,1.4,27.1 
213,MIL,690,74,.311,2.0,15.8 
214,MIL,1594,62,.445,2.0,12.9 
215,NJN,2096,76,.281,2.3,15.7 
216,IND,11,2,.000,0.0,20.0 
217,GSW,3093,82,.339,2.5,13.6 
218,TOT,270,33,.658,3.4,19.6 
218,PHI,40,4,.333,3.7,22.5 
218,NYK,230,29,.721,3.4,19.1 
219,CLE,2526,73,.363,1.1,9.9 
220,TOT,353,24,.681,1.0,16.6 
220,DEN,168,14,.620,1.6,14.7 
220,SAS,185,10,.727,0.5,17.9 
Rk,Tm,MP,G,FTr,STL%,TOV% 
221,TOT,500,53,.187,2.3,28.9 
221,POR,159,21,.057,2.6,28.1 
221,MIA,341,32,.239,2.1,29.1 
222,TOT,258,43,.250,1.3,14.9 
222,CHI,94,13,.286,1.6,11.3 
222,PHO,164,30,.241,1.1,15.8 
223,HOU,228,43,.258,1.0,24.2 
224,NYK,2336,81,.367,2.2,12.1 
225,LAC,1318,53,.176,1.6,22.8 
226,LAC,3020,80,.212,1.6,12.9 
227,NYK,2604,82,.305,1.8,20.7 
228,HOU,3024,82,.419,3.3,13.0 
229,UTA,327,51,.416,1.2,19.6 
230,BOS,2840,80,.391,1.4,14.0 
231,BOS,1138,57,.231,1.6,10.4 
232,CHI,1738,78,.070,1.5,11.8 
233,CHI,190,30,.194,1.0,16.1 
234,DAL,2860,78,.343,1.3,11.3 
235,PHO,614,62,.323,1.4,13.9 
236,IND,3012,80,.211,1.3,16.2 
237,SAC,1633,66,.254,1.4,17.9 
238,MIL,2078,75,.292,1.8,8.9 
239,TOT,2012,80,.563,2.0,13.3 
239,SAC,1334,51,.496,1.9,13.0 
239,BOS,678,29,.733,2.1,14.0 
240,CHI,2413,73,.347,2.9,16.6 
Rk,Tm,MP,G,FTr,STL%,TOV% 
241,SEA,835,80,.478,2.1,17.4 
242,TOT,106,17,.100,0.4,19.3 
242,LAC,68,10,.080,0.7,18.8 
242,MIA,38,7,.133,0.0,20.1 
243,POR,3102,81,.283,2.2,16.1 
244,MIL,2170,67,.372,2.7,19.6 
245,TOT,124,13,.290,1.5,23.9 
245,WSB,107,10,.360,1.8,27.5 
245,CHI,17,3,.000,0.0,0.0 
246,SAC,2257,80,.141,2.0,11.8 
247,CLE,2728,75,.290,2.1,15.7 
248,CHH,2233,75,.396,2.1,16.7 
249,DEN,1308,77,.140,1.0,7.4 
250,CHH,2152,82,.161,1.2,7.5 
251,SEA,737,56,.468,3.4,11.7 
252,GSW,2717,79,.365,1.4,14.3 
253,BOS,91,28,.806,2.2,17.6 
254,LAL,440,47,.344,2.5,30.3 
255,ATL,2462,76,.352,3.6,14.4 
256,MIL,1251,71,.404,1.4,17.6 
257,SAS,2287,65,.263,4.0,17.7 
258,PHI,416,14,.235,2.0,14.1 
259,DET,2208,82,.292,1.3,17.4 
260,CLE,583,60,.138,0.9,13.1 
Rk,Tm,MP,G,FTr,STL%,TOV% 
261,LAC,3,2,.000,0.0,0.0 
262,TOT,536,63,.521,2.1,16.3 
262,UTA,72,16,.458,3.4,19.5 
262,SAS,464,47,.531,1.9,15.8 
263,TOT,15,9,1.500,0.0,0.0 
263,DET,8,6,2.000,0.0,0.0 
263,PHI,7,3,1.000,0.0,0.0 
264,CHH,517,34,.500,0.9,8.3 
265,DET,1458,67,.586,1.4,19.3 
266,GSW,1086,61,.260,1.3,18.1 
267,CLE,2102,82,.184,2.1,11.6 
268,DEN,1918,76,.662,1.0,17.0 
269,SEA,774,69,.163,2.3,11.4 
270,TOT,1850,69,.606,1.4,15.4 
270,DAL,845,37,.612,1.4,14.4 
270,IND,1005,32,.600,1.4,16.2 
271,LAL,2605,74,.189,2.1,10.8 
272,MIA,1962,78,.476,1.1,18.2 
273,CHI,1732,80,.212,1.0,12.2 
274,NJN,484,60,.250,1.5,12.6 
275,MIA,944,65,.673,0.7,12.5 
276,BOS,2301,82,.192,1.7,20.2 
277,HOU,1157,65,.185,1.8,11.9 
278,POR,390,25,.077,1.8,18.9 
279,MIL,2587,80,.352,1.6,13.1 
280,IND,1571,80,.326,2.0,25.9 
Rk,Tm,MP,G,FTr,STL%,TOV% 
281,SAS,12,2,1.000,0.0,41.0 
282,LAC,2161,71,.448,1.4,12.2 
283,TOT,1295,65,.379,1.6,13.2 
283,SAC,600,29,.344,1.5,12.2 
283,PHI,695,36,.423,1.7,14.4 
284,SAC,3145,81,.302,1.5,15.7 
285,GSW,1897,80,.146,1.4,20.7 
286,GSW,1597,80,.305,2.5,13.7 
287,IND,2041,82,.342,0.9,13.2 
288,SAS,623,43,.497,1.0,20.5 
289,MIA,2613,80,.109,1.9,16.5 
290,GSW,316,36,.416,3.3,20.9 
291,IND,209,35,.306,2.1,26.2 
292,POR,244,27,.474,2.1,12.1 
293,UTA,3171,82,.490,4.1,21.5 
294,NYK,1358,81,.407,3.3,18.1 
295,TOT,22,5,.000,0.0,37.5 
295,SAS,2,1,0.0,0.0,100.0 
295,GSW,20,4,.000,0.0,28.6 
296,LAC,1,1,.000,0.0,0.0 
297,MIA,1338,68,.084,1.0,11.1 
298,DAL,591,19,.397,2.4,13.7 
299,MIA,368,21,.212,2.9,10.8 
300,GSW,1569,66,.262,2.3,10.8 
Rk,Tm,MP,G,FTr,STL%,TOV% 
301,ATL,2517,82,.314,2.1,13.8 
302,DET,2924,80,.286,2.3,17.7 
303,HOU,222,23,.441,2.8,21.2 
304,MIA,2273,79,.313,1.2,18.8 
305,TOT,2329,76,.331,1.6,15.5 
305,SAC,1276,43,.351,1.7,15.9 
305,IND,1053,33,.296,1.5,14.9 
306,LAL,1994,80,.441,1.4,13.5 
307,PHI,449,54,.541,0.9,14.3 
308,HOU,3135,82,.468,1.2,16.3 
309,SEA,1220,63,.162,3.3,13.1 
310,TOT,2434,79,.396,1.1,12.4 
310,IND,1326,48,.443,1.3,13.7 
310,SAC,1108,31,.339,0.9,10.7 
311,ATL,341,50,.394,1.9,24.1 
312,CHH,117,14,.324,0.8,4.5 
313,IND,9,2,.200,0.0,26.9 
314,CHH,2302,71,.418,1.8,14.1 
315,NYK,1824,81,.095,2.2,8.9 
316,MIL,13,4,.000,7.5,40.0 
317,DEN,1746,78,.159,2.3,13.7 
318,DAL,1057,70,.172,1.1,11.6 
319,TOT,617,32,.123,2.1,19.8 
319,MIA,144,9,.095,2.4,16.5 
319,BOS,473,23,.134,2.0,21.0 
320,CLE,1086,77,.351,2.6,18.4 
Rk,Tm,MP,G,FTr,STL%,TOV% 
321,TOT,934,45,.209,0.9,8.1 
321,POR,432,18,.152,0.7,7.2 
321,NYK,502,27,.268,1.1,9.0 
322,TOT,646,29,.233,0.4,12.9 
322,DEN,95,5,.237,0.5,10.6 
322,SAS,551,24,.233,0.4,13.3 
323,CHI,1703,70,.228,1.5,18.6 
324,WSB,2565,79,.270,2.9,19.5 
325,NYK,1163,79,.239,1.6,10.1 
326,MIA,1065,54,.269,3.3,22.0 
327,ATL,1219,81,.207,2.8,20.8 
328,PHI,843,72,.329,1.3,14.2 
329,DAL,1074,65,.298,0.7,14.8 
330,PHO,2019,82,.543,0.8,18.3 
331,LAC,90,8,.333,3.6,22.5 
332,TOT,354,28,.230,3.6,20.0 
332,MIA,143,8,.238,2.7,11.5 
332,POR,211,20,.222,4.2,26.7 
333,TOT,436,38,.350,1.1,15.8 
333,UTA,2,1,.000,0.0,0.0 
333,LAC,434,37,.353,1.1,15.9 
334,TOT,622,57,.258,1.7,10.6 
334,GSW,42,5,.333,1.1,22.5 
334,SAS,580,52,.256,1.7,10.1 
335,DAL,408,51,.140,3.1,21.9 
336,ATL,2997,80,.298,1.9,8.4 
337,NYK,584,71,.453,0.8,16.0 
338,NYK,2414,81,.240,2.2,13.0 
339,NJN,2446,74,.456,1.2,14.4 
340,TOT,2470,76,.263,0.9,15.3 
340,IND,1567,46,.232,1.0,15.3 
340,DAL,903,30,.345,0.8,15.3 
Rk,Tm,MP,G,FTr,STL%,TOV% 
341,CLE,2125,82,.449,1.8,10.8 
342,WSB,2413,82,.309,2.8,12.8 
343,TOT,547,50,.295,2.6,18.7 
343,NJN,433,41,.304,2.8,18.1 
343,LAC,114,9,.250,2.0,22.0 
344,DET,358,49,.364,1.8,21.9 
345,LAC,1303,63,.205,2.9,15.0 
346,PHI,372,33,.296,1.2,21.2 
347,TOT,1120,64,.143,1.0,9.5 
347,SAC,416,31,.188,1.1,8.7 
347,IND,704,33,.112,0.9,10.1 
348,LAC,1450,66,.159,1.0,17.9 
349,CHI,2,2,0.0,0.0,0.0 
350,HOU,2259,81,.253,1.9,11.6 
351,LAL,1491,74,.694,1.0,13.8 
352,LAL,2960,81,.250,1.7,11.3 
