Rk,Tm,MP,G,FTr,STL%,TOV% 
1,DEN,2221,82,.168,1.0,10.5 
2,CHA,30,6,.100,1.8,16.1 
3,POR,2922,78,.260,1.3,7.4 
4,CHI,29,8,.500,1.8,0.0 
5,DEN,456,51,.112,1.2,15.3 
6,BOS,2819,80,.260,1.2,10.6 
7,BOS,889,54,.470,3.5,17.8 
8,TOT,1421,52,.182,1.9,16.5 
8,NJN,766,27,.195,1.9,16.9 
8,MIA,655,25,.160,1.9,15.8 
9,PHO,1168,79,.446,1.0,14.7 
10,DEN,1695,76,.940,1.3,14.3 
11,HOU,891,63,.197,0.9,9.1 
12,OKC,15,1,.000,0.0,25.0 
13,ORL,911,63,.211,1.4,11.7 
14,DEN,2634,69,.407,1.7,10.6 
15,MIA,1322,80,.579,0.8,18.4 
16,WAS,1169,32,.336,1.8,14.2 
17,HOU,2629,72,.228,2.4,12.8 
18,TOT,335,33,.405,2.3,19.1 
18,NOH,239,18,.560,1.7,17.3 
18,SAC,56,6,.167,1.8,23.7 
18,HOU,40,9,.118,6.4,21.9 
19,MIA,1585,72,.240,1.2,11.5 
20,MEM,457,32,.205,1.6,12.1 
Rk,Tm,MP,G,FTr,STL%,TOV% 
21,DET,644,40,.172,1.4,15.9 
22,CHA,1472,80,.301,1.6,13.1 
23,POR,405,39,.308,0.9,14.0 
24,GSW,231,9,.318,1.0,6.5 
25,DEN,91,13,.333,4.5,22.5 
26,TOR,244,22,.397,2.5,18.9 
27,PHO,786,44,.200,1.5,10.4 
28,DAL,1546,78,.171,1.2,15.3 
29,TOR,2799,80,.205,0.5,8.8 
30,ORL,2097,81,.262,1.5,15.3 
31,NYK,232,7,.426,0.9,12.0 
32,ORL,648,50,.270,1.0,10.6 
33,NJN,134,15,.250,1.6,6.3 
34,HOU,2168,67,.237,1.2,11.5 
35,POR,918,37,.190,1.4,8.5 
36,POR,1304,74,.501,1.1,13.8 
37,MIA,2328,78,.231,1.8,10.3 
38,DAL,700,56,.174,2.1,14.4 
39,TOR,1121,66,.319,1.9,12.2 
40,MIL,1611,71,.151,1.3,10.3 
Rk,Tm,MP,G,FTr,STL%,TOV% 
41,TOT,180,6,.049,1.2,7.4 
41,CHA,157,5,.055,1.4,8.2 
41,GSW,23,1,.000,0.0,0.0 
42,NYK,292,25,.260,0.3,20.1 
43,ATL,2195,80,.123,1.6,11.7 
44,GSW,763,33,.182,1.3,17.8 
45,DEN,2490,73,.532,1.7,13.0 
46,SAS,1494,82,.325,1.8,16.5 
47,TOT,2159,80,.092,1.4,19.1 
47,POR,1397,51,.090,1.4,15.0 
47,LAC,762,29,.096,1.4,26.6 
48,WAS,2256,81,.234,2.0,14.2 
49,SAS,1559,79,.168,1.5,14.2 
50,MIL,2229,69,.260,0.9,11.4 
51,SAS,1161,65,.129,1.4,9.0 
52,NJN,1045,63,.260,1.5,13.0 
53,UTA,2673,78,.350,1.6,14.3 
54,TOR,2526,70,.509,0.9,10.7 
55,OKC,8,1,2.000,6.4,0.0 
56,WAS,1117,67,.221,1.1,13.5 
57,PHI,2297,76,.272,1.9,12.0 
58,MIN,2482,82,.270,2.4,13.4 
59,TOT,1742,58,.310,2.7,9.8 
59,UTA,1662,53,.308,2.6,9.7 
59,MEM,80,5,.385,3.8,11.6 
60,TOT,95,21,.231,0.6,6.5 
60,PHI,36,7,.154,1.5,0.0 
60,MIL,59,14,.308,0.0,11.9 
Rk,Tm,MP,G,FTr,STL%,TOV% 
61,SAC,654,52,.602,1.2,15.0 
62,HOU,2919,82,.224,1.2,13.7 
63,TOT,519,45,.063,1.5,15.9 
63,NOH,328,22,.053,1.4,13.4 
63,LAC,191,23,.082,1.6,20.0 
64,CHA,535,57,.490,2.1,9.6 
65,TOT,1060,50,.238,1.6,13.5 
65,NOH,967,39,.265,1.6,13.6 
65,CHI,93,11,.000,1.7,12.2 
66,DET,660,48,.790,1.2,20.5 
67,LAL,1700,82,.204,1.7,9.4 
68,LAL,2835,73,.345,2.1,11.4 
69,HOU,1488,74,.154,1.2,7.4 
70,TOT,2783,74,.300,2.2,11.9 
70,WAS,1853,47,.304,1.9,12.6 
70,DAL,930,27,.291,2.7,10.5 
71,LAC,2702,82,.167,0.7,7.8 
72,LAL,1977,65,.379,0.9,12.5 
73,DET,1667,63,.333,1.8,15.8 
74,TOR,1817,68,.183,1.3,13.9 
75,TOT,2314,74,.244,2.2,14.1 
75,LAC,1596,51,.256,2.2,13.9 
75,POR,718,23,.214,2.0,14.5 
76,MIN,267,29,.500,1.7,13.7 
77,PHI,857,68,.223,1.5,6.3 
78,MEM,795,71,.239,1.8,8.9 
79,DAL,121,25,.120,2.1,11.7 
80,DEN,859,54,.072,2.3,23.7 
Rk,Tm,MP,G,FTr,STL%,TOV% 
81,ORL,2310,75,.301,1.2,8.4 
82,SAC,1931,77,.259,1.4,11.6 
83,MIA,1807,73,.242,2.7,19.7 
84,CHA,1163,51,.826,0.8,26.0 
85,NYK,2320,65,.186,1.0,10.4 
86,PHO,383,51,.238,0.9,12.1 
87,PHO,261,34,.806,0.4,19.2 
88,ATL,115,24,.087,1.4,17.3 
89,LAC,470,43,.164,2.5,18.9 
90,NOH,2109,76,.221,1.9,18.9 
91,OKC,1557,75,.346,1.2,15.0 
92,MEM,2569,80,.225,2.2,15.7 
93,HOU,36,5,.200,0.0,26.9 
94,HOU,44,15,.304,0.0,18.7 
95,MIA,691,45,.099,1.1,8.3 
96,ATL,2460,79,.285,1.3,9.9 
97,POR,707,63,.224,1.9,6.0 
98,NYK,62,7,.810,0.0,31.3 
99,LAC,0,1,0.0,0.0,0.0 
100,GSW,2896,80,.175,2.5,16.5 
Rk,Tm,MP,G,FTr,STL%,TOV% 
101,PHI,2124,82,.254,1.0,17.5 
102,DAL,1280,55,.474,0.6,19.2 
103,BOS,937,51,.225,1.5,13.3 
104,LAC,2523,75,.287,2.6,15.6 
105,BOS,933,54,.495,1.2,13.5 
106,WAS,8,2,.500,0.0,0.0 
107,LAC,499,36,.217,1.1,15.6 
108,DET,915,69,.190,1.5,13.1 
109,MIL,2279,75,.163,1.8,13.2 
110,CHI,2651,70,.325,1.3,10.4 
111,TOR,1664,77,.379,1.3,9.4 
112,CHA,2906,82,.190,1.1,17.5 
113,MIA,44,6,.000,1.2,23.1 
114,TOT,51,9,.400,4.0,0.0 
114,IND,25,4,.333,5.9,0.0 
114,POR,26,5,.500,2.1,0.0 
115,CHA,262,27,.310,1.0,26.7 
116,NJN,971,53,.188,1.8,14.4 
117,TOT,106,15,.600,1.4,19.2 
117,HOU,54,7,.182,1.9,25.2 
117,SAC,52,8,1.111,1.0,13.0 
118,NYK,1087,56,.174,2.0,11.6 
119,NJN,1730,67,.274,1.7,13.1 
120,PHO,1442,80,.324,1.7,18.3 
Rk,Tm,MP,G,FTr,STL%,TOV% 
121,PHO,1991,82,.282,2.0,11.0 
122,NYK,2072,67,.211,1.5,18.2 
123,SAS,2438,78,.346,1.0,10.1 
124,IND,1486,67,.283,1.3,10.3 
125,OKC,3239,82,.504,1.8,11.7 
126,MIN,1384,76,.156,0.7,13.4 
127,GSW,2647,64,.276,2.6,13.4 
128,TOT,66,12,.333,0.8,5.5 
128,MIL,62,11,.154,0.8,6.7 
128,PHI,4,1,1.500,0.0,0.0 
129,ATL,1317,79,.155,1.4,4.5 
130,TOR,311,28,.870,2.3,18.7 
131,SAC,2677,72,.399,2.1,13.6 
132,LAL,1474,82,.165,1.8,11.5 
133,CHA,2643,80,.204,2.5,15.4 
134,POR,1441,62,.232,2.4,13.4 
135,UTA,408,49,.600,0.8,16.7 
136,TOT,709,46,.082,0.7,9.9 
136,SAS,395,25,.093,0.8,11.4 
136,BOS,314,21,.069,0.7,8.2 
137,LAL,2227,82,.237,2.1,11.2 
138,MIN,2339,81,.284,1.8,17.9 
139,IND,1189,47,.323,1.8,15.9 
140,IND,255,16,.196,0.6,21.9 
Rk,Tm,MP,G,FTr,STL%,TOV% 
141,WAS,1667,70,.234,1.0,12.1 
142,PHO,2190,81,.172,1.5,8.8 
143,MIL,314,32,.281,1.5,13.0 
144,UTA,217,32,.561,2.8,12.0 
145,NYK,2747,81,.331,1.4,9.4 
146,SAC,575,25,.097,0.9,10.3 
147,BOS,2060,69,.286,1.7,10.4 
148,MEM,2469,69,.578,1.4,14.2 
149,LAL,2403,65,.429,0.8,12.5 
150,MEM,3175,80,.311,1.9,10.3 
151,WAS,182,11,.492,2.0,12.2 
152,GSW,761,45,.112,2.6,6.5 
153,CLE,1068,56,.183,1.2,11.1 
154,CHI,2204,82,.278,1.2,13.9 
155,TOT,239,32,.383,1.9,19.5 
155,BOS,99,21,.571,2.1,21.0 
155,NYK,140,11,.282,1.8,18.6 
156,MEM,5,2,.000,10.3,0.0 
157,SAS,2150,75,.393,2.5,12.7 
158,MIN,2210,76,.172,1.4,10.8 
159,TOT,1755,70,.359,1.2,13.4 
159,DAL,1030,46,.342,1.3,12.7 
159,LAC,725,24,.380,1.1,14.3 
160,DET,1730,62,.329,1.5,12.9 
Rk,Tm,MP,G,FTr,STL%,TOV% 
161,LAC,2229,62,.381,1.6,13.6 
162,ORL,1088,81,.330,0.8,15.0 
163,DEN,759,63,.361,1.5,15.5 
164,CHA,804,70,.271,1.3,11.8 
165,IND,2278,62,.376,2.0,10.6 
166,TOT,311,32,.341,1.5,16.0 
166,CHI,50,8,.333,0.0,4.0 
166,NOH,261,24,.344,1.8,19.5 
167,CLE,115,20,.154,2.7,10.7 
168,OKC,3043,82,.208,1.8,10.4 
169,PHI,1553,73,.210,1.1,10.1 
170,SAC,1630,76,.253,1.3,13.1 
171,PHO,32,8,.400,0.0,7.8 
172,MEM,240,36,.306,0.2,22.1 
173,SAS,317,47,.395,0.7,11.0 
174,SAS,44,10,.238,0.0,11.5 
175,DET,1552,46,.336,1.0,12.3 
176,IND,511,29,.502,1.6,7.1 
177,OKC,1738,76,.415,2.4,13.4 
178,NYK,2195,72,.308,1.4,10.1 
179,NJN,2221,64,.437,1.9,14.7 
180,TOT,96,13,.367,2.7,20.5 
180,HOU,82,8,.333,2.5,22.5 
180,WAS,14,5,.667,3.7,0.0 
Rk,Tm,MP,G,FTr,STL%,TOV% 
181,TOT,22,5,.000,4.6,60.0 
181,MIN,5,1,.000,10.0,0.0 
181,NOH,17,4,.000,3.0,75.0 
182,MIA,2177,78,.305,0.7,9.5 
183,NJN,1106,52,.315,0.8,15.9 
184,SAC,1904,72,.159,0.9,15.5 
185,HOU,1773,82,.201,2.1,17.1 
186,NJN,1033,45,.055,1.5,7.7 
187,TOT,2355,77,.499,0.6,14.2 
187,WAS,1614,49,.472,0.6,14.2 
187,DAL,741,28,.558,0.6,14.1 
188,IND,813,47,.186,1.1,13.8 
189,CHA,355,43,.452,1.5,10.1 
190,IND,2035,81,.286,0.7,14.1 
191,CLE,1691,81,.312,1.1,13.4 
192,DEN,2755,82,.580,2.1,12.2 
193,SAS,2276,78,.321,1.6,10.7 
194,PHO,2430,81,.357,1.2,11.7 
195,TOT,624,47,.338,1.1,11.5 
195,NYK,252,24,.228,2.0,10.6 
195,HOU,372,23,.431,0.5,12.2 
196,CHI,2481,74,.150,1.8,12.3 
197,PHI,1767,73,.165,2.3,21.9 
198,MIN,1223,73,.521,0.8,20.3 
199,ATL,2845,81,.319,1.1,11.2 
200,TOT,1217,68,.114,1.7,9.0 
200,BOS,846,50,.124,1.7,7.4 
200,NYK,371,18,.090,1.7,12.6 
Rk,Tm,MP,G,FTr,STL%,TOV% 
201,ORL,2843,82,.978,1.4,18.7 
202,TOT,918,35,.358,1.5,9.3 
202,DAL,827,31,.348,1.4,9.8 
202,WAS,91,4,.435,1.7,5.2 
203,POR,1632,73,.187,0.9,15.1 
204,TOT,131,25,.245,3.2,19.3 
204,BOS,70,16,.333,2.2,30.4 
204,MEM,61,9,.200,4.2,11.6 
205,TOT,1115,45,.293,2.4,14.7 
205,NYK,820,31,.283,2.5,15.1 
205,CHA,295,14,.318,2.2,13.5 
206,TOT,1221,69,.466,1.5,11.8 
206,DAL,315,25,.383,1.2,8.8 
206,NJN,906,44,.498,1.7,12.9 
207,GSW,783,60,.318,0.8,10.8 
208,CHI,122,13,.067,0.4,11.5 
209,ATL,33,7,.333,0.0,17.9 
210,MEM,158,21,.837,0.3,13.3 
211,OKC,1323,73,.249,1.0,14.2 
212,PHI,3193,82,.384,2.3,14.3 
213,CLE,1339,64,.231,0.5,11.6 
214,LAL,355,49,.184,0.7,11.9 
215,MIL,1898,81,.217,1.5,8.2 
216,TOT,865,28,.415,1.2,14.6 
216,MEM,67,3,.462,0.8,18.3 
216,PHI,798,25,.410,1.2,14.3 
217,TOT,326,44,.145,3.1,11.1 
217,PHI,236,26,.127,2.2,7.9 
217,MIL,90,18,.179,5.2,16.6 
218,TOR,2243,82,.359,1.4,17.3 
219,TOT,74,12,.600,2.1,30.3 
219,CLE,10,5,2.000,0.0,21.0 
219,SAS,25,3,.571,6.3,18.6 
219,WAS,39,4,.364,0.0,38.5 
220,TOT,123,28,.200,0.9,28.5 
220,CLE,114,27,.240,0.9,32.0 
220,MIL,9,1,.000,0.0,0.0 
Rk,Tm,MP,G,FTr,STL%,TOV% 
221,TOT,3129,81,.306,2.2,13.9 
221,GSW,300,9,.278,2.2,14.8 
221,CHA,2829,72,.309,2.2,13.8 
222,CLE,2966,76,.506,2.2,12.3 
223,WAS,46,4,.400,3.4,17.5 
224,TOT,2406,66,.290,1.5,7.2 
224,WAS,1595,41,.310,1.4,7.1 
224,CLE,811,25,.247,1.8,7.5 
225,MIN,412,39,.342,1.2,17.5 
226,UTA,73,14,.655,2.8,13.8 
227,MIN,2463,76,.236,1.3,9.9 
228,SAS,2520,81,.370,0.9,10.4 
229,TOT,1794,70,.382,1.8,17.2 
229,NYK,1462,52,.404,1.9,18.6 
229,HOU,332,18,.321,1.4,12.7 
230,MIL,2671,82,.225,2.1,13.0 
231,DET,2232,80,.292,1.9,10.8 
232,NJN,1655,52,.343,1.2,10.6 
233,TOR,1453,82,.446,1.6,13.6 
234,ORL,406,31,.180,1.4,17.8 
235,CHI,757,65,.333,1.4,20.5 
236,ATL,2886,76,.194,1.5,8.8 
237,IND,1892,76,.413,1.0,14.9 
238,PHO,7,2,0.0,0.0,0.0 
239,MIA,503,36,.235,1.2,7.7 
240,IND,675,52,.403,1.0,16.2 
Rk,Tm,MP,G,FTr,STL%,TOV% 
241,LAC,1137,70,.538,0.7,20.3 
242,LAC,2608,76,.255,0.7,14.3 
243,PHI,976,57,.050,1.1,10.0 
244,TOT,113,7,.188,1.3,22.4 
244,CLE,5,3,0.0,0.0,100.0 
244,GSW,108,4,.188,1.3,14.8 
245,DAL,2881,80,.148,2.6,21.4 
246,UTA,1681,58,.485,2.5,11.9 
247,UTA,952,52,.175,1.4,12.2 
248,UTA,172,36,.319,0.6,21.9 
249,OKC,1741,76,.189,0.9,8.7 
250,BOS,22,1,.000,0.0,14.3 
251,TOT,2469,80,.459,1.1,10.8 
251,HOU,1415,52,.507,1.0,11.3 
251,SAC,1054,28,.388,1.3,10.1 
252,TOT,111,18,.116,0.5,11.7 
252,NYK,108,17,.122,0.5,12.2 
252,BOS,3,1,.000,0.0,0.0 
253,TOT,234,26,.653,2.3,15.0 
253,GSW,66,5,1.071,4.3,8.8 
253,CHA,33,9,.438,1.6,13.6 
253,CHI,135,12,.600,1.5,17.4 
254,DEN,1318,65,.359,1.8,15.4 
255,NJN,2375,71,.197,2.1,8.3 
256,NYK,3019,81,.262,1.4,11.9 
257,ORL,2369,72,.224,1.7,10.9 
258,TOT,796,36,.239,1.1,20.7 
258,OKC,130,10,.000,2.0,33.3 
258,WAS,666,26,.259,0.9,19.5 
259,NJN,3027,82,.451,1.0,13.1 
260,PHO,986,51,.430,0.5,10.6 
Rk,Tm,MP,G,FTr,STL%,TOV% 
261,MIN,1714,60,.427,1.3,13.2 
262,HOU,1651,68,.560,1.9,16.7 
263,GSW,2081,70,.622,1.2,13.0 
264,MIA,359,36,1.054,1.3,17.2 
265,SAS,165,26,.855,1.0,16.5 
266,DAL,2385,75,.179,1.5,10.6 
267,NOH,75,14,.625,0.0,16.4 
268,TOT,390,18,.221,1.4,11.3 
268,GSW,276,10,.239,1.4,11.8 
268,WAS,114,8,.188,1.4,10.4 
269,DEN,1986,58,.269,1.8,11.6 
270,TOT,1633,46,.491,1.4,9.8 
270,SAC,774,22,.457,1.5,7.9 
270,HOU,859,24,.523,1.4,11.6 
271,SAC,66,5,.333,0.8,22.5 
272,SAS,1515,79,.069,1.0,10.4 
273,UTA,2025,82,.342,1.6,12.5 
274,DET,1550,76,.373,1.3,12.3 
275,SAC,331,37,.288,1.9,13.2 
276,TOT,1269,81,.196,1.6,17.5 
276,UTA,363,26,.248,1.8,16.0 
276,OKC,906,55,.166,1.5,18.4 
277,MEM,3113,82,.221,1.6,11.9 
278,MIL,1866,73,.360,1.7,14.1 
279,SAS,1617,77,.133,1.4,14.8 
280,WAS,968,60,.378,0.9,12.5 
Rk,Tm,MP,G,FTr,STL%,TOV% 
281,TOT,673,30,.268,1.1,14.3 
281,HOU,46,6,.316,0.0,4.4 
281,NYK,627,24,.264,1.2,15.1 
282,TOT,307,51,.135,0.8,23.6 
282,WAS,240,41,.125,0.9,19.2 
282,SAC,67,10,.167,0.8,35.2 
283,IND,524,42,.260,1.6,10.5 
284,TOT,719,60,.146,1.3,8.1 
284,MIL,486,41,.119,1.4,9.7 
284,PHI,233,19,.198,1.1,4.8 
285,TOT,120,20,.727,1.7,18.7 
285,HOU,13,4,1.500,3.9,0.0 
285,TOR,107,16,.621,1.4,21.3 
286,UTA,1497,63,.169,2.0,11.8 
287,TOT,685,32,.137,1.6,13.9 
287,NYK,71,8,.000,2.9,10.5 
287,MIN,614,24,.150,1.5,14.2 
288,POR,2500,82,.432,2.0,13.8 
289,CHI,1950,82,.379,1.2,13.6 
290,WAS,1805,54,.196,1.1,19.6 
291,POR,38,10,.292,0.0,12.9 
292,UTA,2277,82,.369,1.4,12.2 
293,CHA,984,58,.365,0.8,11.8 
294,CLE,1052,61,.182,1.7,7.9 
295,GSW,406,23,.122,0.6,18.1 
296,ATL,124,28,.659,2.1,18.5 
297,LAL,241,31,.094,0.6,10.2 
298,GSW,2018,69,.162,1.5,10.0 
299,OKC,54,13,.000,1.9,17.4 
300,IND,2344,72,.237,1.5,10.0 
Rk,Tm,MP,G,FTr,STL%,TOV% 
301,TOT,1673,75,.284,1.4,10.6 
301,CHA,993,46,.319,1.5,12.2 
301,CHI,680,29,.232,1.4,8.0 
302,TOT,685,46,.164,2.0,13.8 
302,NJN,204,13,.226,2.3,17.1 
302,DAL,481,33,.129,1.8,11.7 
303,PHO,2660,81,.228,0.8,21.4 
304,ORL,1860,65,.164,1.3,15.5 
305,TOR,413,42,.034,1.2,9.6 
306,CHI,1925,64,.421,0.9,16.0 
307,SAC,1477,75,.169,1.1,9.6 
308,LAC,362,54,.083,1.0,1.8 
309,DAL,3039,81,.392,1.2,7.8 
310,TOR,51,11,.400,2.0,22.1 
311,MIA,1991,70,.302,0.7,12.9 
312,CLE,1240,53,.488,0.6,15.7 
313,WAS,650,57,.304,0.9,36.2 
314,POR,502,21,.421,0.9,17.8 
315,LAL,2585,82,.273,1.5,15.3 
316,NOH,2370,82,.418,1.2,12.5 
317,UTA,2149,73,.308,0.9,12.6 
318,OKC,263,25,.178,1.8,11.0 
319,TOT,730,34,.210,1.3,9.4 
319,POR,231,11,.238,1.7,9.7 
319,LAC,499,23,.194,1.1,9.3 
320,ATL,1089,78,.581,1.8,15.8 
Rk,Tm,MP,G,FTr,STL%,TOV% 
321,CHI,829,63,.118,1.8,11.1 
322,CLE,2289,81,.200,1.4,12.1 
323,SAS,1728,56,.344,0.9,15.3 
324,NOH,1712,45,.298,2.9,13.5 
325,MIN,877,71,.087,1.3,14.5 
326,MIN,447,44,.170,1.0,13.7 
327,BOS,2154,78,.536,0.6,20.4 
328,NOH,973,46,.179,1.3,7.7 
329,DEN,436,36,.208,1.2,17.3 
330,BOS,2411,71,.499,1.8,13.6 
331,ORL,1687,75,.202,1.6,10.5 
332,NOH,1731,77,.232,1.3,11.8 
333,CLE,236,20,1.286,1.3,12.5 
334,LAL,581,63,.160,0.8,13.7 
335,IND,865,56,.212,2.0,13.2 
336,UTA,806,60,.244,2.5,17.3 
337,DET,1664,49,.169,1.1,8.8 
338,POR,681,30,.593,0.6,26.5 
339,NJN,223,25,.107,2.1,14.6 
340,TOT,891,41,.099,1.6,13.4 
340,CHA,133,8,.143,1.2,10.1 
340,GSW,758,33,.091,1.6,14.0 
Rk,Tm,MP,G,FTr,STL%,TOV% 
341,GSW,749,33,.440,1.8,11.7 
342,TOT,53,6,.111,1.0,13.7 
342,MIA,47,3,.000,1.1,11.8 
342,POR,6,3,.667,0.0,20.5 
343,MEM,3051,81,.348,1.3,10.1 
344,TOT,807,49,.329,0.8,19.1 
344,SAS,183,21,.111,0.9,29.8 
344,CHA,624,28,.397,0.8,15.5 
345,MIL,492,18,.310,2.0,5.8 
346,ORL,1808,82,.401,0.8,8.8 
347,CHI,224,18,.379,1.8,29.3 
348,PHO,2485,79,.184,1.3,7.9 
349,MIA,2082,76,.127,1.8,9.5 
350,MIL,1759,82,.204,1.6,12.4 
351,TOT,1115,56,.136,2.3,12.3 
351,NYK,733,30,.161,1.9,12.8 
351,BOS,382,26,.083,3.0,10.9 
352,TOT,1048,66,.265,2.4,22.5 
352,SAC,517,39,.326,2.9,21.4 
352,NYK,531,27,.193,2.0,24.0 
353,BOS,2963,81,.312,3.3,19.3 
354,CHI,2871,78,.246,1.0,12.5 
355,TOT,562,52,.126,1.2,8.6 
355,DAL,301,27,.143,1.2,4.8 
355,WAS,261,25,.109,1.2,12.2 
356,POR,2419,65,.424,1.4,9.5 
357,IND,2491,82,.127,1.1,11.1 
358,LAC,58,7,.000,1.8,21.4 
359,TOT,2824,81,.308,1.8,9.9 
359,CHI,1695,51,.268,2.0,10.3 
359,MIL,1129,30,.357,1.6,9.4 
360,BOS,472,52,.071,1.0,16.2 
Rk,Tm,MP,G,FTr,STL%,TOV% 
361,HOU,2671,82,.245,1.2,11.9 
362,OKC,2348,82,.202,2.1,15.8 
363,MIN,1732,82,.420,1.6,17.2 
364,NJN,395,23,.171,2.0,13.1 
365,TOT,977,57,.244,1.5,14.8 
365,DAL,211,25,.094,2.7,15.3 
365,WAS,766,32,.295,1.2,14.7 
366,LAC,123,16,.320,1.3,19.7 
367,LAC,1232,75,.524,1.4,15.3 
368,DEN,2082,75,.195,2.4,11.0 
369,PHI,658,56,.241,1.7,15.4 
370,ATL,592,64,.249,0.5,9.3 
371,ATL,2871,81,.422,2.4,14.3 
372,NOH,1410,75,.152,2.3,13.5 
373,PHI,1016,62,.327,1.5,9.1 
374,MIL,855,42,.218,1.3,16.0 
375,TOT,883,64,.215,0.9,14.4 
375,WAS,616,40,.243,0.9,17.4 
375,DAL,267,24,.167,1.0,8.5 
376,NOH,1947,62,.156,1.3,7.1 
377,PHO,2838,82,.500,0.9,12.1 
378,DET,2499,73,.324,2.2,11.4 
379,DET,405,44,.292,1.1,9.8 
380,HOU,303,31,.387,1.7,12.0 
Rk,Tm,MP,G,FTr,STL%,TOV% 
381,ATL,719,71,.216,2.5,16.7 
382,TOT,659,43,.184,1.9,18.7 
382,LAC,582,39,.187,2.0,19.7 
382,CLE,77,4,.171,1.4,13.7 
383,TOT,334,27,.495,2.0,18.0 
383,HOU,118,9,.828,1.7,26.1 
383,SAC,23,5,.625,2.2,16.4 
383,SAS,193,13,.328,2.2,13.1 
384,DAL,2540,77,.257,1.9,8.6 
385,MEM,883,68,.710,0.9,20.0 
386,OKC,321,23,.324,0.6,18.8 
387,SAC,313,26,.343,1.6,29.7 
388,MIL,1049,70,.072,1.3,18.3 
389,DAL,285,18,.226,1.8,10.7 
390,TOT,1220,54,.417,2.7,15.6 
390,CHI,678,29,.439,3.0,17.5 
390,CHA,542,25,.395,2.3,13.7 
391,SAC,2357,75,.353,0.9,13.3 
392,TOT,2079,75,.312,1.1,11.7 
392,LAC,1405,51,.302,0.9,11.2 
392,WAS,674,24,.333,1.6,12.7 
393,NOH,1872,73,.200,1.6,7.3 
394,MEM,589,38,.193,2.9,29.3 
395,TOT,1427,46,.298,1.1,8.3 
395,POR,4,2,.000,0.0,0.0 
395,GSW,1423,44,.299,1.1,8.3 
396,TOT,96,15,.538,0.0,9.4 
396,PHO,71,11,.700,0.0,9.3 
396,MIN,25,4,.000,0.0,10.0 
397,GSW,872,42,.534,1.3,21.4 
398,TOR,2272,74,.335,1.2,13.9 
399,SAC,944,69,.237,1.8,13.6 
400,SAC,2477,79,.168,1.8,13.1 
Rk,Tm,MP,G,FTr,STL%,TOV% 
401,MIL,97,13,.367,0.5,14.7 
402,CLE,2166,76,.375,1.7,11.0 
403,DET,1848,78,.157,1.4,7.7 
404,LAL,575,67,.201,1.8,8.7 
405,MIA,2792,77,.465,2.7,12.2 
406,TOT,768,35,.211,1.5,9.9 
406,BOS,29,8,.333,0.0,22.5 
406,NYK,739,27,.208,1.6,9.5 
407,DET,1975,69,.548,2.4,15.0 
408,CHA,3119,76,.577,2.0,13.1 
409,BOS,1780,79,.192,2.4,8.2 
410,LAL,272,29,.048,1.9,12.3 
411,TOT,1557,76,.498,0.8,10.7 
411,MIL,1024,48,.455,0.9,11.2 
411,CHI,533,28,.593,0.7,9.6 
412,GSW,1788,65,.314,2.8,10.3 
413,IND,2322,79,.323,2.2,22.6 
414,OKC,144,12,.182,2.1,10.1 
415,POR,2005,82,.243,1.2,7.8 
416,TOR,1368,69,.140,1.5,11.8 
417,NOH,2949,81,.279,1.3,11.2 
418,CLE,1500,60,.326,1.9,15.3 
419,ATL,142,39,.476,3.0,21.6 
420,OKC,2813,82,.364,2.0,16.6 
Rk,Tm,MP,G,FTr,STL%,TOV% 
421,OKC,102,12,.244,2.5,6.2 
422,DET,441,34,.433,1.6,21.0 
423,MIN,1585,80,.339,2.1,14.8 
424,OKC,59,4,.333,0.0,22.5 
425,UTA,2802,76,.397,1.8,16.9 
426,ORL,1703,82,.096,1.6,16.4 
427,CLE,742,54,.218,0.8,7.4 
428,PHI,1912,64,.344,2.2,12.0 
429,MEM,872,62,.203,1.9,20.0 
430,ATL,2468,81,.324,1.4,8.7 
431,CLE,2359,69,.232,1.6,15.5 
432,GSW,782,24,.219,1.4,8.5 
433,NJN,227,20,.388,1.9,25.9 
434,BOS,597,54,.810,1.1,15.5 
435,NJN,1764,78,.221,1.3,14.8 
436,LAL,2605,77,.251,2.1,12.8 
437,TOR,1392,67,.193,1.1,11.8 
438,MIA,1496,72,.165,1.9,10.6 
439,NOH,871,68,.177,1.7,15.0 
440,WAS,1421,74,.233,1.0,8.3 
Rk,Tm,MP,G,FTr,STL%,TOV% 
441,MEM,1321,80,.352,1.3,14.1 
