Rk,Tm,MP,G,FTr,STL%,TOV% 
1,BOS,159,13,.455,0.6,20.5 
2,DEN,2617,80,.179,1.6,9.9 
3,WSB,2337,70,.387,2.1,17.0 
4,LAC,859,39,.207,1.2,15.6 
5,PHO,1555,68,.175,1.8,12.3 
6,TOT,55,11,.643,2.9,30.8 
6,MIA,12,4,1.000,0.0,25.8 
6,CLE,43,7,.583,3.7,31.7 
7,GSW,1318,69,.257,1.0,13.3 
8,NYK,39,11,.824,0.0,7.9 
9,DET,1624,77,.416,1.7,17.7 
10,NJN,3135,82,.306,2.5,14.5 
11,ORL,2811,81,.237,2.4,12.4 
12,TOT,356,21,.267,1.1,9.4 
12,NJN,176,11,.279,1.4,2.0 
12,WSB,180,10,.256,0.8,15.8 
13,SAS,2488,80,.204,1.5,14.4 
14,NYK,1994,80,.294,3.0,16.5 
15,CHI,2770,82,.225,1.5,10.6 
16,SEA,1690,80,.372,2.2,9.6 
17,MIA,319,37,.114,1.8,18.5 
18,ATL,2605,82,.506,2.9,12.3 
19,PHI,201,14,.348,1.2,18.3 
20,TOT,1371,74,.309,1.2,15.8 
20,MIL,695,33,.346,1.2,14.1 
20,ORL,676,41,.259,1.3,18.2 
Rk,Tm,MP,G,FTr,STL%,TOV% 
21,ATL,13,3,1.000,0.0,0.0 
22,MIN,1297,79,.327,0.8,10.0 
23,MIL,2560,82,.473,1.2,13.4 
24,PHO,2298,65,.432,2.2,14.2 
25,PHI,2519,81,.165,2.1,15.1 
26,MIL,1242,72,.319,4.2,16.0 
27,CLE,814,51,.355,1.4,11.5 
28,NJN,1817,77,.363,1.0,12.4 
29,CHH,983,74,.057,2.0,12.9 
30,UTA,1070,55,.244,1.1,8.5 
31,NYK,969,55,.144,1.3,10.1 
32,ATL,2915,81,.147,3.7,14.6 
33,CHI,690,67,.431,1.4,20.1 
34,CHH,2746,77,.206,2.4,17.3 
35,TOT,116,14,.000,0.9,20.8 
35,MIA,61,8,.000,0.0,29.4 
35,WSB,6,2,0.0,0.0,0.0 
35,PHI,49,4,.000,2.0,0.0 
36,UTA,559,56,.256,1.5,8.9 
37,NYK,1402,73,.365,2.8,21.0 
38,ORL,948,70,.170,1.7,15.7 
39,LAL,556,25,.483,0.4,17.1 
40,PHI,1385,49,.342,1.6,20.8 
Rk,Tm,MP,G,FTr,STL%,TOV% 
41,CLE,1548,73,.296,2.8,15.2 
42,SAC,247,26,.538,1.2,21.9 
43,TOT,2094,71,.337,1.9,17.3 
43,MIL,1441,43,.367,1.8,17.1 
43,CHH,653,28,.270,2.1,17.7 
44,DEN,190,34,.101,0.0,10.4 
45,HOU,1225,73,.294,2.1,14.4 
46,DAL,10,1,1.000,0.0,0.0 
47,BOS,2867,77,.214,2.7,10.1 
48,MIN,1921,82,.454,1.3,19.4 
49,NJN,1950,79,.378,1.8,13.3 
50,SAC,1041,61,.347,3.0,20.6 
51,POR,1441,79,.271,1.1,13.3 
52,GSW,218,36,.238,1.8,11.5 
53,HOU,725,65,.115,1.0,10.5 
54,SAC,143,23,.418,2.1,9.7 
55,CHH,767,51,.299,2.4,14.5 
56,MIA,697,53,.558,1.3,13.3 
57,WSB,1321,75,.431,2.0,14.9 
58,SEA,1708,82,.236,2.3,12.8 
59,LAL,2253,76,.338,1.4,9.6 
60,TOT,1214,63,.234,2.1,12.9 
60,NYK,379,22,.289,2.7,16.7 
60,DAL,835,41,.216,1.8,11.6 
Rk,Tm,MP,G,FTr,STL%,TOV% 
61,SAS,465,34,.363,1.0,7.5 
62,CHI,780,42,.298,0.5,18.8 
63,HOU,1122,66,.276,2.7,17.8 
64,SAC,674,41,.496,1.4,16.5 
65,PHO,1602,53,.278,1.8,9.4 
66,UTA,1838,80,.376,1.1,9.3 
67,WSB,2025,60,.238,1.5,10.9 
68,WSB,1604,65,.231,2.0,12.3 
69,TOT,1365,76,.145,1.9,13.4 
69,SAC,974,46,.159,2.2,13.8 
69,DET,391,30,.108,1.3,12.5 
70,LAL,1515,65,.370,3.0,17.6 
71,DET,77,9,.320,1.3,19.7 
72,NJN,2778,77,.469,1.2,12.5 
73,MIA,1726,76,.252,2.2,15.7 
74,TOT,579,30,.321,0.8,14.9 
74,CHH,378,16,.349,0.7,15.5 
74,WSB,201,14,.268,1.0,13.8 
75,IND,169,11,.158,4.3,18.1 
76,TOT,203,25,.463,0.8,15.6 
76,ORL,2,2,.000,0.0,50.0 
76,MIL,201,23,.472,0.8,14.7 
77,PHO,136,23,.366,1.1,29.6 
78,UTA,2149,82,.245,2.4,12.4 
79,BOS,467,51,.404,2.4,25.6 
80,TOT,345,52,.318,1.5,11.1 
80,PHO,168,33,.410,0.9,9.8 
80,MIL,177,19,.214,2.0,12.6 
Rk,Tm,MP,G,FTr,STL%,TOV% 
81,UTA,313,45,.364,2.5,19.0 
82,SAS,1133,59,.250,1.5,11.0 
83,HOU,30,2,.250,0.0,10.1 
84,CHH,2173,82,.114,2.2,8.9 
85,PHI,43,10,.286,1.2,16.0 
86,SAS,980,65,.172,1.6,13.0 
87,CLE,1838,50,.538,1.2,12.8 
88,IND,1732,81,.711,1.3,16.1 
89,MIN,374,68,.540,2.2,10.9 
90,IND,2292,66,.505,1.1,12.5 
91,NYK,1333,56,.204,1.6,12.1 
92,DAL,286,15,.203,1.6,7.2 
93,PHI,1343,72,.236,2.4,19.2 
94,MIL,2127,76,.392,2.5,11.5 
95,LAC,759,64,.237,1.8,13.9 
96,SAS,1949,77,.268,1.7,12.6 
97,DEN,1507,80,.455,1.6,15.7 
98,GSW,11,2,.333,8.8,12.7 
99,LAL,2685,79,.339,1.7,15.7 
100,BOS,2789,78,.300,1.6,18.3 
Rk,Tm,MP,G,FTr,STL%,TOV% 
101,DAL,685,54,.365,1.2,26.3 
102,POR,2334,68,.333,2.0,11.6 
103,WSB,1485,69,.299,1.2,16.8 
104,POR,86,6,.160,2.3,7.0 
105,DET,2591,69,.295,1.2,11.2 
106,BOS,1149,74,.430,1.0,14.0 
107,PHI,44,3,.278,3.4,16.5 
108,MIL,2322,82,.236,1.8,14.2 
109,ATL,107,16,.327,1.0,9.7 
110,LAL,469,45,.470,0.4,12.9 
111,NJN,2727,82,.211,2.2,10.7 
112,ATL,2147,82,.218,3.2,14.4 
113,HOU,1606,67,.384,1.6,16.7 
114,DET,2409,73,.219,1.1,13.0 
115,SAS,2590,77,.111,1.4,6.9 
116,LAC,923,49,.510,3.8,10.7 
117,DEN,2699,79,.373,1.2,13.3 
118,CHH,680,50,.374,1.2,9.0 
119,WSB,1178,47,.332,1.1,17.9 
120,CHI,419,36,.163,1.0,20.7 
Rk,Tm,MP,G,FTr,STL%,TOV% 
121,NYK,2972,79,.387,1.6,12.9 
122,DEN,29,4,.000,0.0,45.5 
123,ATL,1155,72,.485,1.9,12.2 
124,CLE,965,70,.129,1.5,10.4 
125,IND,1053,55,.274,2.0,19.6 
126,SAS,737,53,.373,0.9,20.0 
127,SEA,16,6,.154,6.3,6.7 
128,MIL,19,3,.286,0.0,11.3 
129,BOS,2096,82,.316,1.9,16.0 
130,MIN,959,67,.475,1.9,20.2 
131,NYK,78,18,.750,1.3,15.8 
132,UTA,3,2,.000,0.0,0.0 
133,BOS,1880,75,.157,1.5,8.2 
134,GSW,1296,82,.451,1.5,13.2 
135,CHH,1644,77,.438,1.8,13.0 
136,WSB,70,7,.118,1.4,14.4 
137,MIA,1199,72,.423,1.5,12.7 
138,SEA,2435,79,.284,3.1,11.6 
139,NJN,1969,82,.529,1.0,11.2 
140,TOT,309,29,.175,2.1,10.5 
140,CHH,255,21,.177,2.5,11.4 
140,MIL,54,8,.167,0.0,7.2 
Rk,Tm,MP,G,FTr,STL%,TOV% 
141,ATL,8,3,.667,0.0,0.0 
142,PHI,889,70,.361,3.4,15.5 
143,ATL,128,21,.298,1.6,7.2 
144,LAC,1533,78,.135,3.7,18.6 
145,POR,2112,77,.169,1.6,6.3 
146,CHI,2570,70,.262,1.5,10.0 
147,GSW,382,53,.199,2.3,15.9 
148,GSW,1096,67,.325,1.5,13.2 
149,PHO,2825,82,.391,1.2,8.4 
150,ORL,126,29,.649,2.4,15.1 
151,TOT,334,36,.098,2.7,12.4 
151,PHI,332,35,.099,2.7,12.4 
151,UTA,2,1,.000,0.0,0.0 
152,WSB,2795,78,.268,3.1,16.0 
153,MIN,33,5,.300,0.0,20.9 
154,CLE,131,32,.656,1.6,28.0 
155,SAS,94,28,.438,0.0,14.9 
156,ORL,3,1,.000,0.0,0.0 
157,DEN,877,74,.452,1.1,12.9 
158,ORL,3015,82,.302,3.2,19.1 
159,TOT,2204,82,.219,2.9,14.2 
159,DAL,893,28,.146,2.6,12.9 
159,NYK,1311,54,.281,3.2,15.2 
160,LAC,2856,75,.313,2.4,13.7 
Rk,Tm,MP,G,FTr,STL%,TOV% 
161,DAL,1165,77,.309,2.1,15.1 
162,BOS,88,5,.806,2.3,12.5 
163,LAL,247,27,.329,1.6,15.8 
164,IND,186,27,.422,0.6,19.6 
165,CHH,2648,82,.421,2.5,13.4 
166,PHO,15,4,.800,0.0,12.9 
167,CHH,17,3,.000,0.0,33.3 
168,HOU,1292,75,.313,1.3,16.4 
169,CLE,547,36,.258,2.4,10.4 
170,CLE,1447,57,.643,1.9,13.3 
171,DAL,428,50,.515,1.8,19.5 
172,WSB,28,3,.000,1.8,33.3 
173,TOT,2820,80,.295,2.3,13.1 
173,PHI,1994,53,.285,2.4,14.6 
173,UTA,826,27,.318,2.0,9.1 
174,HOU,2370,81,.224,2.5,15.1 
175,DET,1519,79,.161,1.1,12.1 
176,GSW,866,71,.305,1.8,19.6 
177,UTA,53,9,.941,1.0,20.0 
178,UTA,1619,75,.142,2.1,14.3 
179,DET,2172,82,.159,2.8,16.1 
180,SAC,499,19,.205,1.3,23.2 
Rk,Tm,MP,G,FTr,STL%,TOV% 
181,POR,187,29,.161,1.0,13.1 
182,DAL,3066,82,.242,1.4,17.4 
183,LAC,2711,79,.288,2.1,22.0 
184,MIN,92,17,.091,2.8,22.6 
185,TOT,14,5,.429,0.0,10.7 
185,UTA,4,1,.500,0.0,0.0 
185,NJN,10,4,.400,0.0,14.5 
186,LAC,75,12,.119,1.3,4.3 
187,GSW,1097,76,.351,2.9,15.8 
188,HOU,78,3,.077,0.0,15.7 
189,GSW,2332,82,.349,2.3,17.1 
190,CHI,119,17,.389,1.8,12.5 
191,CHH,1460,73,.172,1.2,9.6 
192,SEA,280,45,.434,1.8,16.0 
193,PHO,875,70,.231,2.3,16.5 
194,PHO,2449,67,.473,2.5,16.6 
195,CHH,1757,51,.293,0.8,13.3 
196,DET,877,42,.436,0.8,11.4 
197,DAL,1773,81,.263,1.7,17.2 
198,DEN,79,6,.000,0.0,20.7 
199,LAL,259,23,.495,2.7,10.0 
200,ATL,763,63,.521,1.3,18.6 
Rk,Tm,MP,G,FTr,STL%,TOV% 
201,SEA,2597,79,.496,2.8,17.7 
202,TOT,136,13,.421,2.2,19.6 
202,CHH,103,9,.385,1.9,11.6 
202,CLE,33,4,.500,3.2,32.3 
203,CHI,2036,82,.168,1.9,8.4 
204,POR,1276,78,.288,2.7,10.7 
205,MIA,66,15,.320,0.8,14.9 
206,PHI,884,68,.509,1.1,17.5 
207,SEA,86,15,.542,2.3,16.8 
208,SEA,78,27,.647,0.6,13.8 
209,TOT,1053,49,.399,1.5,17.2 
209,CHI,537,31,.310,1.8,18.1 
209,MIN,516,18,.488,1.3,16.2 
210,ORL,309,29,.629,0.3,27.6 
211,PHO,848,74,.152,0.8,11.4 
212,TOT,1438,65,.366,1.3,14.6 
212,PHO,8,1,.000,0.0,0.0 
212,SAS,1430,64,.369,1.3,14.7 
213,ATL,1823,82,.098,1.8,10.3 
214,ORL,682,34,.264,1.0,14.9 
215,CHI,1808,75,.289,2.3,16.9 
216,MIN,2428,70,.542,1.8,19.1 
217,DET,248,11,.144,1.2,9.5 
218,ATL,1608,82,.231,1.2,13.8 
219,PHI,1163,71,.455,0.8,20.0 
220,DAL,1322,79,.320,2.0,9.1 
Rk,Tm,MP,G,FTr,STL%,TOV% 
221,SAC,169,18,.382,2.0,21.7 
222,DAL,1947,81,.176,4.1,12.8 
223,TOT,285,38,.317,2.0,14.6 
223,DEN,11,3,.286,0.0,20.2 
223,DET,274,35,.319,2.0,14.3 
224,TOT,126,13,.490,2.8,7.5 
224,ORL,20,4,.000,5.0,18.2 
224,GSW,58,5,.393,0.0,0.0 
224,BOS,48,4,1.000,5.2,13.0 
225,MIL,962,67,.103,1.6,16.5 
226,MIA,2201,69,.354,2.1,13.9 
227,TOT,1502,76,.269,1.5,18.6 
227,MIN,989,49,.277,1.8,19.6 
227,CHI,513,27,.256,1.0,17.0 
228,LAL,1762,71,.290,2.9,11.9 
229,PHO,69,22,.216,0.0,4.7 
230,WSB,2487,75,.386,0.9,11.2 
231,TOT,496,42,.185,4.0,16.7 
231,DEN,126,7,.222,2.4,22.1 
231,DET,370,35,.173,4.5,14.8 
232,CLE,149,22,.323,3.2,26.9 
233,NJN,226,28,.426,0.7,11.1 
234,PHO,3207,80,.209,2.0,9.9 
235,TOT,2560,77,.228,0.8,6.7 
235,UTA,1657,50,.221,0.8,7.0 
235,PHI,903,27,.242,0.8,6.1 
236,UTA,3329,82,.474,1.9,11.1 
237,PHI,618,55,.504,0.9,17.2 
238,TOT,2520,68,.284,1.9,14.7 
238,LAC,1595,42,.311,1.6,13.5 
238,ATL,925,26,.223,2.5,17.4 
239,DEN,32,5,.250,0.0,18.4 
240,LAC,535,53,.580,0.7,20.8 
Rk,Tm,MP,G,FTr,STL%,TOV% 
241,DAL,2896,79,.317,1.6,13.5 
242,NYK,1903,73,.372,0.8,17.5 
243,MIN,626,55,.587,1.3,16.0 
244,HOU,2571,75,.196,2.5,14.9 
245,MIL,1472,82,.209,1.6,18.1 
246,BOS,1971,82,.254,1.2,11.1 
247,IND,2613,76,.358,2.2,21.7 
248,SEA,1887,73,.139,5.8,23.1 
249,DEN,285,38,.307,2.6,15.3 
250,PHO,1786,69,.301,2.3,24.1 
251,IND,2638,79,.426,2.3,12.4 
252,CLE,2022,79,.260,1.4,10.6 
253,DET,2773,80,.197,1.2,10.9 
254,MIA,1358,63,.338,1.2,13.5 
255,IND,1084,75,.359,1.6,12.4 
256,DET,10,3,.667,10.2,0.0 
257,TOT,367,23,.366,1.9,16.6 
257,DAL,363,22,.370,2.0,16.8 
257,UTA,4,1,.000,0.0,0.0 
258,NJN,1349,50,.260,2.0,9.3 
259,CHH,2018,60,.672,0.7,15.4 
260,GSW,2324,62,.252,2.2,15.6 
Rk,Tm,MP,G,FTr,STL%,TOV% 
261,MIL,2533,82,.283,4.0,15.2 
262,WSB,650,54,.302,2.2,16.9 
263,TOT,67,9,.500,1.5,6.4 
263,DET,57,7,.500,1.8,6.4 
263,GSW,10,2,0.0,0.0,0.0 
264,POR,820,66,.203,1.2,8.7 
265,PHO,196,33,.262,1.0,9.6 
266,DEN,2853,82,.684,1.0,19.8 
267,CHI,2030,82,.349,2.0,17.5 
268,CLE,909,33,.271,1.6,9.8 
269,SAS,1,1,0.0,0.0,27.5 
270,TOT,1697,81,.339,2.0,10.6 
270,CHH,429,18,.339,2.1,12.3 
270,NJN,1268,63,.339,2.0,9.9 
271,MIL,2539,82,.199,1.2,13.0 
272,ORL,3224,81,.534,1.2,10.2 
273,DET,56,13,1.000,0.0,14.8 
274,NYK,2932,82,.412,1.9,17.7 
275,HOU,3277,80,.320,2.0,12.3 
276,BOS,540,44,.154,1.5,8.4 
277,LAC,871,37,.617,2.0,12.7 
278,WSB,749,61,.241,1.4,18.4 
279,GSW,2738,79,.336,1.5,16.1 
280,DEN,1382,66,.469,2.9,25.2 
Rk,Tm,MP,G,FTr,STL%,TOV% 
281,TOT,137,18,.267,1.5,8.2 
281,IND,55,7,.087,0.9,14.3 
281,NYK,8,3,.000,0.0,0.0 
281,WSB,74,8,.438,2.0,5.0 
282,BOS,1987,74,.287,1.1,11.7 
283,CHI,343,27,.029,1.1,8.0 
284,SEA,2881,82,.241,3.3,11.9 
285,LAL,923,30,.174,2.3,11.8 
286,SAC,667,55,.312,1.3,17.5 
287,CHI,397,43,.286,1.1,25.0 
288,SEA,2170,81,.349,1.6,10.3 
289,PHO,432,27,.248,2.9,25.5 
290,PHI,2336,80,.282,1.3,10.2 
291,MIN,2029,77,.128,1.1,12.0 
292,HOU,92,22,.174,1.1,23.2 
293,CLE,1531,72,.305,2.3,9.8 
294,SEA,1022,51,.366,2.1,8.7 
295,BOS,1524,76,.433,1.9,15.3 
296,CHI,2759,72,.320,4.0,13.7 
297,TOT,2402,68,.289,0.9,9.5 
297,DET,1350,37,.227,0.9,9.9 
297,SAC,1052,31,.387,0.8,8.8 
298,POR,2074,77,.280,1.9,15.0 
299,WSB,1035,65,.267,2.7,24.6 
300,CLE,2386,76,.267,2.3,14.4 
Rk,Tm,MP,G,FTr,STL%,TOV% 
301,BOS,2303,80,.320,1.5,12.2 
302,LAL,635,50,.623,1.7,15.2 
303,DEN,155,28,.560,2.6,13.8 
304,SAS,1344,70,.289,1.7,12.3 
305,MIA,2999,81,.200,1.9,7.8 
306,IND,1022,37,.218,1.6,18.5 
307,SAC,2897,78,.358,1.8,11.6 
308,MIN,2415,79,.238,1.1,15.0 
309,HOU,219,47,.529,1.2,14.8 
310,NYK,499,19,.173,2.6,17.5 
311,LAC,350,14,.440,0.8,16.7 
312,POR,2853,82,.328,2.0,9.5 
313,SAS,3241,80,.558,2.3,10.9 
314,POR,673,58,.235,2.2,14.2 
315,HOU,55,6,.400,6.4,29.8 
316,TOT,396,31,.191,2.3,20.7 
316,NJN,301,17,.168,2.5,16.4 
316,CHH,95,14,.273,1.6,32.8 
317,SAS,2989,79,.349,0.9,29.1 
318,DEN,1406,79,.347,2.2,17.3 
319,ORL,384,45,.566,0.9,16.4 
320,DAL,1255,47,.534,0.9,14.1 
Rk,Tm,MP,G,FTr,STL%,TOV% 
321,ORL,1357,74,.775,1.9,14.0 
322,UTA,1121,67,.362,3.1,14.5 
323,MIA,1910,76,.516,1.5,14.9 
324,TOT,363,36,.381,1.4,19.0 
324,MIL,230,23,.478,1.1,20.1 
324,LAL,133,13,.263,1.9,17.5 
325,SEA,152,35,.435,2.3,12.7 
326,NJN,319,30,.202,1.1,12.4 
327,SEA,2728,81,.432,1.4,13.9 
328,IND,1197,67,.356,2.7,14.0 
329,ORL,2283,82,.168,1.8,8.4 
330,IND,623,43,.318,2.6,14.0 
331,MIA,2410,72,.526,1.3,16.5 
332,MIA,2037,77,.133,1.8,19.7 
333,SAC,2702,75,.324,1.9,13.9 
334,ORL,2303,82,.345,1.0,20.6 
335,NYK,1105,43,.305,1.2,12.4 
336,MIN,1617,80,.333,1.2,17.2 
337,DAL,1684,79,.187,2.5,11.2 
338,HOU,2209,78,.218,1.3,13.9 
339,TOT,877,66,.275,2.2,12.7 
339,WSB,48,7,1.111,3.1,3.6 
339,SAC,829,59,.222,2.2,13.4 
340,POR,316,43,.528,1.8,11.9 
Rk,Tm,MP,G,FTr,STL%,TOV% 
341,MIA,2776,78,.304,1.5,14.2 
342,LAL,1617,73,.193,1.8,10.2 
343,IND,2113,78,.325,1.2,12.5 
344,TOT,349,28,.653,2.7,12.1 
344,GSW,63,5,.222,0.8,9.2 
344,SAC,286,23,.730,3.1,12.6 
345,LAC,1930,76,.300,0.7,21.6 
346,UTA,2210,79,.536,1.0,16.9 
347,GSW,3533,82,.322,2.5,12.3 
348,NYK,2057,59,.254,2.4,14.5 
349,WSB,35,3,1.250,2.9,13.9 
350,DEN,2853,82,.433,2.0,11.9 
351,UTA,2969,82,.389,3.5,20.7 
352,POR,2889,82,.431,2.5,16.5 
353,MIL,1131,67,.604,1.7,12.4 
354,DET,1750,58,.338,2.0,18.7 
355,POR,58,14,.143,0.0,25.2 
356,IND,282,30,.390,1.8,20.3 
357,HOU,2909,82,.477,1.1,16.0 
358,LAL,2278,81,.182,2.4,10.3 
359,SAC,2557,79,.241,0.7,9.2 
360,LAC,640,49,.254,1.0,16.5 
Rk,Tm,MP,G,FTr,STL%,TOV% 
361,CLE,64,12,.167,0.0,28.0 
362,ORL,32,11,.000,0.0,0.0 
363,ORL,1536,68,.106,0.8,14.4 
364,LAL,2700,81,.183,1.6,11.3 
365,LAC,2118,75,.262,1.7,11.0 
366,WSB,1397,73,.456,0.9,11.8 
367,NJN,386,48,.296,2.0,18.8 
368,PHI,3147,82,.345,1.6,12.0 
369,SAC,2567,79,.310,1.8,15.4 
370,GSW,2438,76,.342,1.8,14.7 
371,CHI,1371,76,.183,1.6,12.6 
372,BOS,37,11,1.000,0.0,21.7 
373,NJN,542,60,.305,3.5,20.9 
374,MIN,2182,72,.259,1.5,12.1 
375,PHO,1236,82,.406,1.2,18.0 
376,ATL,1004,82,.280,3.0,22.7 
377,DAL,320,18,.295,1.6,12.5 
378,SAS,339,40,.183,1.7,29.5 
379,TOT,158,16,.000,4.8,37.0 
379,MIA,34,4,.000,3.0,42.9 
379,DAL,124,12,.000,5.3,34.4 
380,TOT,2635,74,.329,1.7,8.6 
380,ATL,1687,49,.323,1.9,9.5 
380,LAC,948,25,.338,1.5,7.1 
Rk,Tm,MP,G,FTr,STL%,TOV% 
381,CLE,2768,82,.256,2.0,10.8 
382,UTA,12,6,.125,0.0,10.6 
383,POR,2636,81,.565,1.1,14.5 
384,MIN,46,4,.077,2.2,13.0 
385,NYK,774,70,.180,1.2,13.4 
386,CLE,2660,76,.419,1.5,12.5 
387,NJN,877,70,.406,1.0,9.2 
388,LAC,725,34,.191,1.7,14.7 
389,IND,982,68,.164,1.3,9.7 
390,TOT,716,38,.255,1.3,15.2 
390,ORL,19,3,.000,5.3,0.0 
390,CHH,19,1,.000,2.6,50.0 
390,DAL,678,34,.272,1.1,15.4 
391,MIN,2206,71,.578,2.7,19.1 
392,DEN,2654,82,.222,2.2,12.8 
393,CHI,638,38,.415,1.3,13.6 
394,SAC,1356,57,.402,1.9,17.5 
395,ATL,2867,80,.299,1.4,11.7 
396,TOT,1221,57,.428,1.5,16.8 
396,LAL,126,5,.641,2.0,10.7 
396,SAC,1095,52,.404,1.5,17.5 
397,CHH,1005,50,.180,2.1,14.8 
398,DET,1182,78,.317,1.7,10.6 
399,LAC,352,40,.263,3.3,18.6 
400,PHI,1955,74,.391,1.1,13.6 
Rk,Tm,MP,G,FTr,STL%,TOV% 
401,IND,1714,65,.252,2.6,22.8 
402,LAL,1597,80,.161,1.4,9.8 
