Rk,Tm,MP,G,FTr,STL%,TOV% 
1,TOT,2684,85,.407,1.4,12.9 
1,ATL,1956,53,.423,1.2,12.3 
1,POR,728,32,.360,1.8,14.8 
2,MIA,616,45,.167,1.1,11.3 
3,SEA,2152,56,.266,1.8,12.1 
4,MIA,2581,82,.175,2.4,13.5 
5,DEN,1029,71,.527,1.7,16.1 
6,POR,1810,51,.307,2.0,11.5 
7,IND,905,44,.188,1.6,15.3 
8,NYK,1974,80,.285,1.8,15.7 
9,DEN,2995,82,.358,1.7,12.7 
10,TOT,256,32,.939,3.0,17.7 
10,PHO,6,1,2.000,0.0,34.7 
10,ORL,4,1,1.000,13.2,0.0 
10,TOR,246,30,.900,2.9,17.7 
11,WAS,2066,55,.347,2.6,17.7 
12,NJN,434,56,.023,1.5,12.0 
13,NOH,2247,79,.196,3.2,16.2 
14,UTA,2008,71,.293,1.7,15.2 
15,TOT,1544,64,.200,1.5,14.9 
15,DET,751,40,.183,1.4,15.9 
15,BOS,793,24,.217,1.7,13.9 
16,NOH,1416,69,.401,2.1,15.7 
17,TOT,1313,54,.363,1.1,13.3 
17,BOS,1000,37,.336,1.1,12.0 
17,NYK,313,17,.455,1.2,17.4 
18,BOS,1385,81,.296,3.3,20.0 
19,PHO,1500,70,.130,3.2,19.5 
20,LAC,724,38,.442,2.0,21.1 
Rk,Tm,MP,G,FTr,STL%,TOV% 
21,BOS,11,1,.667,0.0,0.0 
22,SEA,1803,59,.258,2.5,22.6 
23,DEN,1101,57,.239,2.7,13.9 
24,TOR,40,7,.000,1.4,22.2 
25,TOT,1478,73,.232,0.9,13.0 
25,BOS,501,23,.282,0.8,15.4 
25,CLE,977,50,.210,1.0,11.8 
26,MEM,1947,79,.302,2.7,8.3 
27,TOT,766,62,.364,1.2,13.6 
27,CHI,147,14,.163,0.4,17.3 
27,TOR,487,36,.438,1.6,12.6 
27,WAS,132,12,.375,0.8,11.8 
28,MIA,5,2,.000,0.0,0.0 
29,UTA,2020,82,.308,1.7,10.8 
30,MEM,34,6,.167,1.5,23.7 
31,IND,271,21,.443,1.0,20.7 
32,DAL,762,61,.267,2.1,14.7 
33,SAC,2980,82,.319,1.9,11.6 
34,DET,2758,78,.462,1.7,13.6 
35,WAS,1392,75,.165,2.1,22.7 
36,TOT,1050,62,.107,2.5,14.0 
36,CHI,756,46,.117,2.6,13.9 
36,TOR,294,16,.064,2.1,14.2 
37,BOS,2402,82,.366,1.7,17.6 
38,ORL,1787,73,.227,1.4,13.1 
39,SEA,1206,71,.324,0.8,12.0 
40,CLE,2592,75,.317,1.5,11.6 
Rk,Tm,MP,G,FTr,STL%,TOV% 
41,UTA,258,16,.321,0.9,22.0 
42,TOR,2510,75,.404,1.3,11.3 
43,POR,26,9,.400,0.0,0.0 
44,SAS,2624,82,.227,1.7,14.0 
45,DEN,392,52,.226,2.4,9.3 
46,DEN,1849,82,.211,1.4,10.7 
47,TOT,98,16,.133,1.6,30.6 
47,TOR,38,5,.667,1.5,43.6 
47,ATL,60,11,.000,1.8,25.0 
48,DAL,773,66,.261,2.2,7.5 
49,TOT,154,15,.364,1.4,25.4 
49,HOU,132,11,.429,1.7,26.5 
49,WAS,22,4,.000,0.0,16.7 
50,LAC,2670,69,.542,1.3,13.7 
51,TOT,443,36,.127,2.1,12.6 
51,CLE,403,31,.146,2.4,11.5 
51,GSW,40,5,.000,0.0,19.2 
52,IND,160,13,.171,2.4,21.0 
53,IND,72,18,.231,0.0,17.3 
54,NJN,17,3,.200,6.3,8.4 
55,SAS,627,58,.378,1.3,14.3 
56,TOT,969,55,.106,1.6,9.8 
56,BOS,408,21,.131,2.1,10.3 
56,CLE,561,34,.090,1.2,9.5 
57,WAS,2239,74,.567,1.5,16.0 
58,NOH,2753,80,.260,1.5,11.3 
59,NOH,17,3,1.000,0.0,54.9 
60,TOT,412,40,.295,3.2,21.8 
60,TOR,10,3,.000,0.0,0.0 
60,CHI,402,37,.307,3.2,22.4 
Rk,Tm,MP,G,FTr,STL%,TOV% 
61,LAL,2447,65,.452,2.4,10.8 
62,PHI,703,53,.154,1.6,15.4 
63,SAC,141,22,.107,2.2,6.4 
64,MIA,2030,68,.279,2.0,11.4 
65,WAS,552,41,.194,2.1,15.1 
66,MIA,675,45,.084,0.8,9.7 
67,PHO,570,49,.269,0.9,19.7 
68,DEN,2162,72,.248,2.0,13.9 
69,DET,892,65,.395,1.3,14.6 
70,GSW,1634,76,.582,2.2,12.6 
71,TOT,70,16,.375,0.8,24.4 
71,POR,48,13,.182,0.0,14.4 
71,SAS,22,3,.800,2.4,37.2 
72,SAS,87,5,.000,2.5,24.5 
73,TOT,110,10,.571,0.0,17.0 
73,LAL,50,4,.857,0.0,23.7 
73,NOH,60,6,.381,0.0,10.9 
74,TOR,2785,73,.286,1.7,12.0 
75,MIN,2838,81,.261,1.9,13.5 
76,HOU,1743,69,.394,1.6,16.6 
77,CHI,782,35,.747,1.1,15.3 
78,GSW,2067,79,.133,1.6,12.2 
79,SAC,2780,82,.250,2.8,16.9 
80,UTA,27,2,.000,2.1,0.0 
Rk,Tm,MP,G,FTr,STL%,TOV% 
81,GSW,1595,60,.427,3.3,14.1 
82,CLE,92,4,.087,2.3,17.3 
83,PHI,843,34,.251,1.5,16.5 
84,MIA,170,22,.176,1.0,19.7 
85,ATL,545,20,.515,1.1,13.3 
86,UTA,1732,81,.888,0.8,16.1 
87,NJN,2220,78,.479,1.6,17.3 
88,LAL,442,35,.199,1.9,10.0 
89,POR,139,17,.000,4.0,27.0 
90,ATL,1207,56,.253,1.6,9.5 
91,CHI,2811,80,.182,2.1,11.9 
92,IND,1051,77,.339,1.3,13.5 
93,CHI,2154,73,.417,0.6,15.1 
94,TOR,1229,70,.296,1.0,17.8 
95,PHI,2197,82,.349,1.1,13.0 
96,GSW,2403,74,.511,0.7,14.1 
97,SEA,1512,71,.462,1.6,11.3 
98,DAL,1039,56,.190,2.6,9.0 
99,TOT,2570,80,.348,0.8,13.0 
99,TOR,538,15,.408,0.8,12.9 
99,CHI,2032,65,.335,0.7,13.1 
100,NOH,2686,67,.251,3.2,12.1 
Rk,Tm,MP,G,FTr,STL%,TOV% 
101,POR,1682,76,.377,1.4,10.9 
102,TOT,78,17,.182,1.4,20.2 
102,DET,23,3,.000,0.0,33.3 
102,NJN,55,14,.222,2.0,16.8 
103,ATL,23,4,.200,0.0,26.9 
104,TOT,2474,79,.287,2.0,15.0 
104,CLE,796,22,.241,1.7,16.5 
104,BOS,1678,57,.310,2.2,14.3 
105,ORL,1211,71,.277,2.1,19.8 
106,DAL,509,33,.239,2.7,7.7 
107,ORL,86,9,.286,3.7,3.1 
108,ATL,1919,76,.297,1.6,26.3 
109,TOT,294,43,.143,3.1,20.0 
109,ATL,143,23,.122,3.3,20.1 
109,POR,151,20,.163,2.9,19.8 
110,POR,12,3,.667,0.0,20.5 
111,CLE,730,56,.136,1.9,15.7 
112,SAC,2317,81,.389,1.3,18.1 
113,WAS,1478,71,.218,2.9,13.0 
114,TOT,1029,72,.161,1.2,12.2 
114,NYK,685,46,.160,1.3,13.3 
114,DEN,344,26,.165,0.9,9.6 
115,LAC,1137,58,.267,2.1,14.2 
116,NOH,78,15,.167,2.8,29.3 
117,LAC,949,61,.227,1.2,10.3 
118,SAS,2527,69,.498,1.3,11.3 
119,GSW,2336,75,.257,1.6,15.1 
120,CHI,893,47,.372,1.9,13.4 
Rk,Tm,MP,G,FTr,STL%,TOV% 
121,MIN,32,17,.286,0.0,16.0 
122,TOT,1457,67,.197,2.0,16.7 
122,NYK,730,33,.178,2.2,18.7 
122,PHO,727,34,.213,1.9,15.0 
123,DEN,875,62,.226,2.1,13.8 
124,LAC,510,42,.275,0.9,10.4 
125,SEA,1280,75,.897,2.3,22.0 
126,POR,32,7,.167,0.0,7.2 
127,DAL,2778,72,.167,1.6,6.3 
128,LAL,1769,82,.266,3.0,10.9 
129,CHI,738,46,.343,1.1,11.2 
130,HOU,41,9,.545,0.0,18.0 
131,MIL,1472,55,.246,2.1,24.0 
132,DAL,625,56,.662,1.0,17.1 
133,IND,1961,82,.425,2.0,12.3 
134,DET,261,36,.375,1.9,17.7 
135,LAL,846,38,.161,1.8,19.4 
136,GSW,572,44,.269,0.6,12.6 
137,SEA,469,54,.187,1.8,4.4 
138,HOU,3194,79,.389,2.4,18.3 
139,ATL,43,4,.750,0.0,27.3 
140,MIL,1260,75,.338,2.1,10.1 
Rk,Tm,MP,G,FTr,STL%,TOV% 
141,ORL,364,38,.291,1.6,15.7 
142,SAS,13,2,.286,8.3,11.3 
143,MIN,3231,82,.289,2.0,10.5 
144,ORL,22,2,.000,0.0,0.0 
145,MEM,2458,78,.487,0.9,12.8 
146,LAL,1951,82,.168,2.2,12.5 
147,POR,157,22,.556,3.2,21.1 
148,CHI,1411,56,.248,2.4,12.0 
149,SAS,2260,77,.378,3.2,14.9 
150,TOT,2041,73,.218,1.5,11.5 
150,ORL,1435,48,.190,1.5,12.0 
150,UTA,606,25,.259,1.4,10.8 
151,TOT,1643,69,.265,1.6,13.4 
151,ATL,1465,55,.271,1.4,12.4 
151,TOR,178,14,.215,3.1,21.1 
152,TOT,85,11,.045,3.2,11.8 
152,MIN,66,5,.071,2.5,12.2 
152,NJN,19,6,.000,5.6,11.1 
153,ORL,2134,79,.316,1.5,11.8 
154,MIA,2303,76,.179,1.2,11.0 
155,LAL,1106,55,.241,1.1,10.5 
156,UTA,98,10,.348,0.6,20.9 
157,PHI,767,53,.227,1.8,13.1 
158,HOU,133,19,.222,2.9,13.2 
159,TOT,819,55,.138,2.0,15.3 
159,PHO,304,30,.081,2.4,16.3 
159,UTA,515,25,.192,1.8,14.4 
160,MIL,263,31,.378,1.2,9.4 
Rk,Tm,MP,G,FTr,STL%,TOV% 
161,DET,484,54,.467,1.5,25.5 
162,DET,2772,78,.293,2.0,13.8 
163,PHI,473,46,1.011,0.9,16.4 
164,UTA,172,17,.574,1.0,14.5 
165,ATL,507,41,.208,1.0,9.6 
166,TOT,2095,76,.203,1.8,12.6 
166,PHO,876,34,.181,1.7,12.6 
166,NYK,1219,42,.218,1.8,12.7 
167,UTA,1134,31,.383,1.1,11.9 
168,IND,2441,79,.277,1.8,13.8 
169,NYK,872,56,.386,0.7,21.6 
170,NJN,1504,69,.168,1.5,9.6 
171,SAS,660,53,.270,2.3,14.0 
172,TOT,783,60,.413,1.6,15.9 
172,ORL,345,24,.438,1.5,17.2 
172,PHO,438,36,.393,1.7,14.9 
173,MIA,1795,75,.409,1.0,12.3 
174,MIN,2264,81,.160,0.9,10.1 
175,WAS,2044,70,.141,1.8,13.0 
176,WAS,1484,77,.603,1.1,14.0 
177,SAS,72,6,.208,0.7,16.0 
178,ATL,68,6,.286,0.8,11.3 
179,DEN,2504,77,.559,2.4,18.9 
180,MIA,38,5,.800,0.0,22.8 
Rk,Tm,MP,G,FTr,STL%,TOV% 
181,CHI,2706,76,.204,1.9,18.5 
182,MIN,1804,79,.303,2.0,9.2 
183,SAS,1290,81,.307,2.0,12.2 
184,LAC,1188,60,.100,2.9,11.8 
185,NYK,1799,50,.220,1.1,10.6 
186,DAL,1589,67,.259,2.2,10.2 
187,ORL,2877,81,.336,1.0,11.7 
188,MIN,503,29,.159,0.8,13.3 
189,WAS,2061,61,.332,2.4,11.6 
190,MEM,11,2,.000,4.8,33.3 
191,BOS,406,36,.371,1.6,14.0 
192,DET,661,33,.056,3.2,18.8 
193,ORL,789,59,.445,0.3,13.5 
194,CLE,2539,81,.421,0.8,12.5 
195,PHI,2040,48,.404,3.1,13.6 
196,SAC,1185,50,.184,2.1,9.0 
197,HOU,3119,80,.141,1.5,15.5 
198,PHI,598,22,.474,1.1,10.4 
199,HOU,577,42,.390,1.6,31.1 
200,ATL,2940,80,.236,2.6,13.8 
Rk,Tm,MP,G,FTr,STL%,TOV% 
201,PHO,1828,78,.308,1.4,14.3 
202,SEA,990,65,.386,1.1,21.3 
203,CLE,3122,79,.308,2.2,13.9 
204,TOT,2196,81,.193,2.3,14.8 
204,BOS,1684,55,.186,2.1,13.1 
204,DET,512,26,.218,2.8,20.3 
205,DAL,2376,82,.322,1.8,7.2 
206,LAC,1760,58,.212,2.8,18.1 
207,TOT,195,21,.278,1.1,19.0 
207,TOR,8,2,.167,0.0,13.4 
207,CHI,187,19,.288,1.1,19.5 
208,NJN,3133,82,.420,1.6,13.0 
209,WAS,1913,82,.365,1.3,16.4 
210,ORL,290,20,.271,1.3,17.5 
211,IND,1598,73,.229,2.2,14.2 
212,GSW,637,46,.392,2.2,17.9 
213,NYK,287,21,.320,1.5,12.6 
214,MIN,965,66,.272,1.5,20.6 
215,PHO,3331,82,.180,1.4,12.5 
216,CHI,734,41,.182,2.6,14.4 
217,MEM,154,20,.208,1.7,17.2 
218,MIL,2016,82,.137,0.8,15.6 
219,MIA,2998,81,.288,1.7,9.0 
220,IND,1508,81,.479,2.4,16.2 
Rk,Tm,MP,G,FTr,STL%,TOV% 
221,IND,26,6,.222,2.1,0.0 
222,BOS,373,42,.240,1.7,15.2 
223,GSW,10,5,.000,0.0,0.0 
224,LAC,1843,82,.326,0.7,23.8 
225,CLE,427,41,.186,1.6,13.1 
226,NJN,2450,67,.260,2.7,16.7 
227,UTA,2895,78,.533,2.9,15.8 
228,NJN,2842,82,.142,2.4,8.5 
229,TOT,1037,56,.264,4.2,20.8 
229,PHO,19,3,.000,8.2,50.0 
229,WAS,598,32,.196,4.5,22.7 
229,MIL,420,21,.362,3.6,17.0 
230,PHI,882,74,.073,1.5,10.8 
231,MIL,1522,73,.393,2.0,15.6 
232,WAS,984,48,.195,2.0,13.1 
233,BOS,328,17,.105,1.3,7.8 
234,PHO,224,21,.148,0.7,13.8 
235,GSW,63,10,.600,0.0,10.6 
236,TOT,37,6,.143,0.0,11.8 
236,GSW,17,4,.333,0.0,22.5 
236,MIL,20,2,.000,0.0,0.0 
237,GSW,22,4,.667,4.9,50.8 
238,DEN,2233,73,.195,1.4,9.1 
239,MIN,65,14,.000,1.7,13.0 
240,SEA,2931,80,.220,1.8,9.1 
Rk,Tm,MP,G,FTr,STL%,TOV% 
241,LAC,48,4,.600,2.2,24.0 
242,UTA,1617,82,.226,2.1,23.4 
243,ORL,2332,76,.183,1.4,13.8 
244,NOH,1701,78,.136,1.5,13.9 
245,MIN,1246,72,.578,1.4,15.5 
246,LAC,2628,73,.612,1.3,13.9 
247,NOH,2777,82,.581,0.8,16.5 
248,LAL,1373,42,.563,1.9,17.1 
249,TOT,3254,81,.315,2.1,13.6 
249,PHO,1415,34,.305,2.3,12.4 
249,NYK,1839,47,.322,1.9,14.6 
250,PHO,3217,79,.200,2.7,9.7 
251,TOT,2988,82,.178,1.7,9.6 
251,CHI,408,16,.147,1.7,13.2 
251,TOR,2580,66,.183,1.7,9.0 
252,MIN,172,16,.134,0.6,9.0 
253,NJN,2252,65,.327,2.3,14.0 
254,NOH,730,19,.201,1.0,7.9 
255,MIL,2534,82,.534,1.2,12.1 
256,TOT,328,26,.224,1.8,15.7 
256,CHI,43,3,.000,1.2,15.4 
256,TOR,285,23,.253,1.9,15.7 
257,SAC,789,59,.288,0.9,15.4 
258,BOS,1900,77,.157,2.0,14.0 
259,PHI,636,59,.231,1.0,16.2 
260,CLE,12,2,0.0,0.0,100.0 
Rk,Tm,MP,G,FTr,STL%,TOV% 
261,TOT,927,42,.257,2.1,16.0 
261,NYK,421,18,.268,1.5,14.5 
261,PHO,506,24,.246,2.6,17.7 
262,ORL,2675,67,.319,1.8,9.1 
263,TOT,2365,70,.191,1.7,12.9 
263,POR,1269,39,.183,1.6,12.0 
263,CLE,1096,31,.202,1.7,14.1 
264,PHI,2112,75,.192,2.2,14.1 
265,MIN,391,33,.524,2.2,22.3 
266,LAL,1442,68,.216,1.4,9.1 
267,SAS,516,39,.081,1.5,10.6 
268,TOT,1330,76,.436,1.4,16.5 
268,CLE,391,22,.378,1.2,14.4 
268,BOS,939,54,.465,1.5,17.5 
269,TOT,2079,79,.256,1.8,13.4 
269,CLE,888,37,.218,1.5,13.4 
269,POR,1191,42,.287,2.0,13.5 
270,DET,159,34,.369,2.4,14.7 
271,DEN,2838,82,.437,2.6,16.1 
272,SAC,2621,72,.450,1.3,14.1 
273,MEM,1770,65,.229,1.8,13.6 
274,MIN,506,48,.230,2.0,23.1 
275,IND,2254,80,.278,1.6,9.3 
276,HOU,2692,82,.435,0.4,14.3 
277,HOU,3229,80,.201,1.8,13.3 
278,TOT,1611,80,.358,1.8,14.9 
278,ATL,938,53,.393,1.2,14.3 
278,NYK,673,27,.307,2.6,15.8 
279,TOR,417,35,.452,2.3,19.9 
280,TOT,395,32,.354,1.0,16.1 
280,NJN,10,4,.000,0.0,0.0 
280,UTA,385,28,.372,1.0,16.7 
Rk,Tm,MP,G,FTr,STL%,TOV% 
281,NJN,215,12,.479,0.5,10.4 
282,GSW,610,28,.329,1.1,10.9 
283,TOR,518,33,.163,1.6,14.2 
284,SEA,2021,82,.257,2.1,12.8 
285,POR,35,7,.083,1.6,13.9 
286,NYK,1494,65,.403,0.6,13.5 
287,TOT,366,28,.855,1.2,15.9 
287,DAL,7,3,.000,0.0,50.0 
287,ATL,359,25,.868,1.2,15.3 
288,HOU,516,45,.220,1.5,13.7 
289,TOT,780,57,.177,1.0,11.3 
289,ATL,300,27,.138,1.8,14.1 
289,ORL,83,8,.333,0.6,0.0 
289,CLE,397,22,.185,0.5,10.7 
290,DAL,720,58,.284,2.5,13.7 
291,DAL,2612,78,.297,1.3,17.9 
292,SAS,2353,82,.163,1.2,12.5 
293,CLE,1245,64,.167,1.1,15.4 
294,TOT,847,66,.327,2.8,20.5 
294,HOU,401,30,.276,2.2,23.5 
294,NYK,446,36,.362,3.4,18.4 
295,DAL,2915,77,.323,1.6,8.3 
296,IND,2788,78,.329,1.2,10.1 
297,LAL,2464,67,.713,0.7,13.5 
298,HOU,25,7,1.000,0.0,10.4 
299,MIA,3003,80,.406,1.5,15.1 
300,DET,1580,71,.386,1.2,13.7 
Rk,Tm,MP,G,FTr,STL%,TOV% 
301,CLE,1401,82,.685,1.9,19.5 
302,MIN,925,43,.214,0.9,14.8 
303,UTA,2153,78,.446,0.8,15.9 
304,MEM,1606,82,.372,2.4,16.0 
305,POR,19,8,.571,2.9,10.2 
306,TOT,1033,61,.127,1.3,18.3 
306,NJN,22,6,.250,2.4,18.4 
306,LAC,1011,55,.122,1.3,18.3 
307,ORL,664,59,.514,1.7,13.7 
308,NJN,220,26,.115,2.9,22.7 
309,HOU,547,58,.192,1.2,10.8 
310,TOR,1211,59,.228,1.9,21.0 
311,TOT,479,31,.136,1.4,18.2 
311,LAL,63,13,.000,1.7,42.9 
311,TOR,71,5,.000,3.1,14.7 
311,CHI,345,13,.175,1.1,15.3 
312,SAS,2577,75,.288,1.3,14.4 
313,GSW,64,12,.600,0.0,13.7 
314,POR,1651,73,.481,2.8,18.0 
315,UTA,1144,79,.223,2.0,14.0 
316,LAL,2825,82,.246,1.8,11.7 
317,SAC,1391,75,.175,2.1,17.0 
318,ORL,89,10,.143,1.2,16.8 
319,MIA,18,2,.000,3.0,33.3 
320,BOS,35,10,.600,0.0,20.9 
Rk,Tm,MP,G,FTr,STL%,TOV% 
321,TOT,1037,58,.124,1.0,10.3 
321,MEM,284,16,.075,0.9,12.6 
321,POR,621,33,.149,1.0,9.1 
321,ATL,132,9,.154,1.2,8.8 
322,TOR,2148,82,.160,2.3,9.9 
323,HOU,703,49,.084,1.2,12.8 
324,BOS,3099,80,.422,2.2,14.6 
325,GSW,748,53,.325,2.3,13.2 
326,CHI,412,23,.193,2.7,16.0 
327,NJN,473,49,.465,1.5,18.8 
328,IND,678,61,.184,1.9,15.1 
329,LAC,12,2,0.0,4.4,100.0 
330,DEN,20,4,.500,2.6,55.1 
331,MEM,2451,82,.435,2.9,10.9 
332,SEA,1419,65,.225,0.8,14.6 
333,DET,2701,82,.195,1.3,13.2 
334,TOT,347,17,.620,0.8,22.0 
334,MIL,33,5,0.0,0.0,69.4 
334,ATL,314,12,.580,0.8,20.3 
335,SEA,2321,77,.156,1.8,11.2 
336,POR,3067,81,.287,1.2,13.8 
337,TOT,2664,85,.395,1.1,15.7 
337,ATL,1648,53,.394,1.0,16.4 
337,POR,1016,32,.398,1.3,14.1 
338,TOT,273,24,.390,1.0,15.9 
338,DET,222,21,.519,1.2,16.4 
338,ATL,51,3,.087,0.0,14.3 
339,MIL,3021,82,.306,1.4,6.6 
340,LAC,262,18,.224,1.2,13.5 
Rk,Tm,MP,G,FTr,STL%,TOV% 
341,GSW,2936,78,.294,1.6,11.9 
342,LAC,2338,65,.191,1.5,10.9 
343,SEA,1114,69,.226,2.5,17.2 
344,GSW,2846,82,.183,1.3,14.5 
345,CHI,1024,51,.132,1.7,11.5 
346,PHI,1336,42,.223,1.7,13.6 
347,NJN,1409,69,.194,2.2,15.2 
348,TOT,595,55,.245,1.3,11.6 
348,NOH,325,35,.160,1.5,13.0 
348,ORL,270,20,.386,1.0,9.5 
349,TOT,2497,66,.243,1.1,16.5 
349,CHI,529,16,.255,1.2,14.3 
349,TOR,1968,50,.239,1.1,17.1 
350,SAS,1256,67,.557,1.5,18.2 
351,UTA,733,41,.325,1.7,23.9 
352,LAL,1244,72,.120,1.4,9.5 
353,LAL,945,72,.266,1.8,12.0 
354,PHI,1603,77,.221,2.1,14.4 
355,LAL,130,10,.522,0.8,17.5 
356,MIL,708,54,.552,1.4,13.6 
357,NJN,928,69,.321,1.2,14.4 
358,SEA,583,57,.258,1.7,10.4 
359,CHI,86,7,.130,0.6,27.0 
360,LAC,1376,56,.453,2.0,14.0 
Rk,Tm,MP,G,FTr,STL%,TOV% 
361,MIL,1577,56,.269,1.0,12.0 
362,NJN,165,22,.233,2.3,14.3 
363,SAC,168,31,.286,0.6,8.2 
364,MIL,2254,76,.340,1.1,9.2 
365,SEA,4,1,.000,0.0,0.0 
366,NOH,929,71,.283,0.9,11.3 
367,MEM,178,20,.186,1.5,23.1 
368,PHI,2966,82,.442,1.8,18.0 
369,SAC,976,73,.322,2.2,12.1 
370,MIN,3100,82,.233,1.5,10.2 
371,WAS,774,26,.321,1.6,19.4 
372,POR,453,42,.350,1.4,13.8 
373,TOT,2444,80,.234,1.2,11.1 
373,UTA,1511,54,.227,1.0,11.0 
373,ORL,933,26,.249,1.4,11.2 
374,TOT,147,25,.333,0.7,17.9 
374,CLE,76,8,.286,0.7,11.3 
374,BOS,71,17,.400,0.7,25.4 
375,SAC,3264,81,.307,1.7,8.9 
376,POR,3118,82,.142,1.8,14.3 
377,PHO,2025,55,.503,1.6,14.4 
378,MIL,571,43,.260,2.4,19.8 
379,TOT,1197,61,.278,1.6,17.7 
379,ORL,915,46,.283,1.6,18.1 
379,TOR,282,15,.262,1.6,16.1 
380,TOT,33,5,.600,0.0,19.2 
380,CLE,29,4,.667,0.0,20.5 
380,NYK,4,1,.000,0.0,0.0 
Rk,Tm,MP,G,FTr,STL%,TOV% 
381,TOT,1663,80,.466,2.0,15.2 
381,DET,707,53,.399,2.9,16.1 
381,ATL,956,27,.503,1.4,14.8 
382,NYK,494,42,.414,2.0,16.2 
383,MEM,1528,77,.459,1.9,11.4 
384,MIN,622,28,.271,1.0,9.6 
385,HOU,2081,75,.227,1.1,15.0 
386,ATL,3018,81,.217,2.2,14.9 
387,WAS,1901,79,.561,1.0,14.7 
388,PHI,2699,74,.397,1.7,15.3 
389,NYK,2548,80,.153,1.2,13.0 
390,TOT,2089,66,.268,1.6,11.3 
390,MIL,1343,42,.239,1.6,11.5 
390,NYK,746,24,.317,1.7,11.1 
391,IND,1378,52,.181,3.3,21.6 
392,NOH,942,71,.446,2.2,15.3 
393,MIN,1025,68,.277,0.6,12.8 
394,DEN,96,11,.158,1.6,12.9 
395,TOT,15,7,.500,3.6,29.1 
395,PHO,10,4,.000,0.0,50.0 
395,NYK,5,3,1.000,10.7,0.0 
396,MEM,533,40,.459,0.9,12.6 
397,DEN,307,39,.238,1.0,11.2 
398,SAS,2073,80,.250,2.1,11.6 
399,LAL,28,4,.444,3.7,21.8 
400,GSW,1255,39,.207,0.9,13.0 
Rk,Tm,MP,G,FTr,STL%,TOV% 
401,TOT,2340,72,.321,1.5,14.1 
401,NYK,1574,47,.325,1.8,14.5 
401,MIL,766,25,.314,1.1,13.2 
402,ATL,1271,71,.245,1.8,21.5 
403,PHO,1606,66,.603,1.4,16.9 
404,POR,3,1,.000,0.0,0.0 
405,MIA,2126,61,.391,2.2,17.3 
406,CLE,708,44,.154,1.9,11.2 
407,DAL,2840,82,.165,1.2,14.3 
408,MIA,418,33,.444,1.2,11.2 
409,DET,3050,81,.388,2.6,12.3 
410,SAC,337,37,.270,2.1,7.4 
411,MIA,368,37,.276,0.7,12.9 
412,TOT,2390,68,.218,1.4,10.0 
412,POR,1675,45,.232,1.2,10.6 
412,ATL,42,1,.125,1.3,10.6 
412,DET,673,22,.192,1.9,8.7 
413,LAL,730,72,.288,2.0,20.3 
414,TOT,1252,71,.069,2.7,19.3 
414,NYK,827,35,.081,3.0,20.4 
414,SAS,425,36,.046,2.2,16.9 
415,MEM,1669,81,.297,2.9,21.8 
416,TOT,868,52,.341,1.9,12.6 
416,NYK,216,15,.475,2.0,15.7 
416,HOU,652,37,.310,1.8,11.8 
417,SAC,831,23,.271,1.9,11.3 
418,TOT,1872,72,.215,2.6,14.8 
418,POR,404,13,.154,2.8,14.6 
418,MEM,1468,59,.231,2.5,14.8 
419,BOS,2179,81,.337,2.4,15.5 
420,NOH,2001,61,.228,1.9,10.2 
Rk,Tm,MP,G,FTr,STL%,TOV% 
421,NOH,930,71,.351,1.6,15.4 
422,TOT,865,62,.663,1.5,21.2 
422,WAS,4,1,.000,0.0,50.0 
422,PHO,861,61,.667,1.5,21.0 
423,DEN,985,72,.222,1.7,13.2 
424,WAS,186,16,.111,1.7,11.3 
425,LAC,1340,65,.344,1.1,13.7 
426,HOU,145,26,.333,1.1,14.5 
427,NJN,1337,72,.453,1.4,17.8 
428,TOR,1730,56,.171,1.8,12.8 
429,TOT,1886,71,.473,1.9,10.9 
429,BOS,513,21,.616,2.2,12.1 
429,CLE,1373,50,.413,1.8,10.3 
430,NYK,714,56,.231,1.9,21.6 
431,MEM,2115,72,.137,2.3,15.2 
432,TOT,1637,68,.461,2.9,15.5 
432,TOR,407,15,.509,2.6,24.8 
432,CHI,1230,53,.452,3.0,13.2 
433,UTA,772,57,.185,2.0,13.5 
434,TOT,527,43,.145,2.0,7.5 
434,PHO,267,16,.129,2.9,5.3 
434,DAL,260,27,.165,1.0,9.9 
435,TOT,763,53,.250,2.6,15.4 
435,ORL,525,37,.298,2.3,13.2 
435,NOH,238,16,.160,3.2,19.5 
436,DET,1574,79,.327,1.0,14.1 
437,SAS,373,48,.260,3.0,16.1 
438,MIA,506,38,.573,1.2,17.8 
439,POR,673,62,.253,1.7,16.5 
440,IND,2714,73,.395,3.1,13.4 
Rk,Tm,MP,G,FTr,STL%,TOV% 
441,MEM,1674,65,.224,1.4,10.7 
442,TOT,114,16,.217,1.4,10.6 
442,LAC,9,2,4.000,0.0,0.0 
