Rk,Tm,MP,G,FTr,STL%,TOV% 
1,TOT,847,63,.376,1.4,15.4 
1,TOR,61,7,.571,3.4,10.2 
1,SAC,786,56,.354,1.2,16.0 
2,OKC,1197,81,.735,1.7,22.5 
3,TOT,961,53,.433,1.3,10.6 
3,CHA,256,25,.625,1.4,13.6 
3,MIL,705,28,.400,1.3,10.1 
4,ORL,2552,73,.332,0.7,11.2 
5,NOP,951,56,.269,1.3,18.4 
6,NYK,330,46,.492,1.3,19.5 
7,POR,2498,69,.253,1.3,7.2 
8,TOT,1072,65,.167,1.1,12.0 
8,PHI,960,51,.150,1.1,12.4 
8,IND,112,14,.294,0.9,9.4 
9,MIA,1936,73,.214,1.5,12.4 
10,MEM,1278,55,.293,3.8,16.2 
11,NOP,2045,80,.277,2.1,13.7 
12,TOT,185,19,.750,2.5,24.8 
12,NOP,184,18,.750,2.5,24.8 
12,CHI,1,1,0.0,0.0,0.0 
13,MIA,1396,72,.615,1.2,13.2 
14,BRK,1773,78,.243,1.4,10.4 
15,PHI,2309,80,.148,1.6,12.2 
16,NOP,795,22,.175,0.7,5.0 
17,MIL,1897,77,.483,1.7,19.4 
18,NYK,2982,77,.329,1.7,9.5 
19,TOT,186,33,.250,0.8,7.8 
19,MIA,37,12,.333,0.0,12.7 
19,BOS,149,21,.231,1.0,6.5 
20,ATL,925,50,.224,1.0,14.5 
Rk,Tm,MP,G,FTr,STL%,TOV% 
21,WAS,2723,77,.226,2.4,12.3 
22,GSW,97,15,.842,2.1,18.7 
23,DEN,1161,68,.151,1.6,11.7 
24,HOU,968,48,.663,0.7,19.4 
25,TOT,1939,71,.316,1.5,13.3 
25,TOR,82,10,.250,0.6,25.3 
25,CHI,1857,61,.318,1.5,12.8 
26,ATL,429,26,.196,3.0,20.7 
27,SAS,952,73,.316,0.7,24.1 
28,BOS,132,14,.000,2.3,9.1 
29,NOP,473,27,.117,0.8,8.5 
30,PHO,368,20,.298,1.0,11.4 
31,MIN,1471,79,.152,0.9,15.2 
32,NYK,1257,42,.203,0.6,9.6 
33,GSW,2204,78,.267,1.5,10.0 
34,LAC,1735,63,.171,1.6,13.0 
35,POR,387,41,.205,1.2,9.6 
36,BOS,2266,82,.330,0.8,10.9 
37,MIA,1468,73,.084,1.8,6.9 
38,POR,2956,82,.248,1.3,18.6 
39,TOT,1686,72,.191,1.9,10.9 
39,MEM,650,31,.238,1.6,7.7 
39,BOS,1036,41,.161,2.0,12.9 
40,SAS,491,53,.129,0.2,17.3 
Rk,Tm,MP,G,FTr,STL%,TOV% 
41,TOT,911,67,.318,2.3,16.8 
41,GSW,268,44,.371,2.2,19.9 
41,LAL,643,23,.297,2.3,15.5 
42,WAS,2530,73,.164,1.4,9.4 
43,MIA,831,55,.223,1.5,12.8 
44,SAS,2016,80,.188,1.3,11.2 
45,CLE,663,52,.307,1.6,15.5 
46,HOU,1751,56,.212,2.2,11.2 
47,UTA,45,6,6.000,0.0,35.5 
48,DET,309,19,.152,1.3,22.9 
49,CHA,1072,77,.618,0.3,17.9 
50,DAL,1214,78,.308,2.5,14.7 
51,TOT,1498,55,.122,1.8,21.5 
51,LAL,891,27,.150,1.9,22.2 
51,GSW,607,28,.067,1.6,20.1 
52,BRK,1618,73,.328,2.4,12.5 
53,PHO,1416,43,.426,2.4,17.8 
54,BOS,15,3,1.250,0.0,24.4 
55,BOS,55,6,.500,0.9,12.0 
56,GSW,1769,67,.171,1.3,19.4 
57,SAS,690,61,.073,1.1,8.6 
58,WAS,1553,72,.189,1.4,11.7 
59,CHI,2141,76,.197,1.3,12.6 
60,MIA,2531,79,.285,1.7,10.4 
Rk,Tm,MP,G,FTr,STL%,TOV% 
61,BOS,1855,60,.136,1.7,9.9 
62,ATL,1414,73,.283,1.4,13.8 
63,MIN,2609,81,.281,2.9,10.4 
64,TOT,160,24,.133,1.9,11.2 
64,HOU,158,23,.133,1.9,11.2 
64,CHI,2,1,0.0,0.0,0.0 
65,TOT,1557,72,.164,1.6,15.8 
65,HOU,716,43,.167,1.7,15.3 
65,DEN,841,29,.160,1.6,16.2 
66,TOT,316,35,.352,2.2,14.3 
66,BOS,73,10,.583,0.7,18.8 
66,GSW,15,7,.308,3.3,0.0 
66,LAL,228,18,.295,2.6,14.6 
67,PHI,224,26,.151,2.8,14.9 
68,TOT,251,29,.318,2.7,19.3 
68,SAS,103,10,.321,0.5,20.0 
68,NYK,148,19,.316,4.3,18.8 
69,LAL,177,6,.288,1.9,29.2 
70,MIN,751,41,.154,1.2,8.1 
71,LAC,395,43,.074,1.1,9.4 
72,UTA,2262,70,.126,1.0,12.2 
73,UTA,2193,78,.449,1.7,13.0 
74,TOT,1419,56,.139,1.7,9.5 
74,MIL,821,34,.158,1.5,12.1 
74,OKC,598,22,.102,2.0,4.0 
75,CHI,2591,67,.488,2.6,10.8 
76,IND,378,50,.127,1.0,8.7 
77,TOR,146,14,.188,2.9,16.1 
78,TOT,516,26,.218,0.6,12.1 
78,CLE,480,24,.207,0.6,11.9 
78,IND,36,2,.318,0.0,13.8 
79,DET,1054,56,.281,1.9,17.6 
80,MEM,1173,71,.232,3.0,22.8 
Rk,Tm,MP,G,FTr,STL%,TOV% 
81,DAL,2468,81,.084,1.4,11.7 
82,DET,1583,80,.133,2.4,5.4 
83,HOU,252,22,.333,1.6,17.4 
84,ATL,2341,73,.220,2.3,10.1 
85,DAL,1973,81,.242,1.6,10.7 
86,PHI,2414,70,.348,2.6,16.9 
87,HOU,1283,71,.298,1.7,13.4 
88,MIA,2178,73,.291,2.9,20.4 
89,NYK,1662,55,.481,1.2,15.4 
90,DEN,1927,62,.206,1.2,8.9 
91,NOP,24,4,0.0,2.2,100.0 
92,PHO,198,31,.387,0.5,7.6 
93,TOT,768,54,.130,1.1,10.1 
93,CLE,698,45,.100,1.2,10.7 
93,NYK,70,9,.476,0.8,3.8 
94,UTA,172,23,.104,2.4,16.7 
95,POR,184,21,.262,0.8,19.0 
96,MIA,2014,82,.136,2.0,19.3 
97,BRK,172,22,.167,2.4,21.4 
98,LAC,2069,80,.323,2.2,14.3 
99,OKC,1353,81,.386,1.1,20.1 
100,MEM,2446,73,.268,2.4,11.5 
Rk,Tm,MP,G,FTr,STL%,TOV% 
101,IND,265,41,.120,0.6,10.2 
102,SAC,2298,71,.500,2.4,14.7 
103,HOU,34,7,.000,2.9,6.7 
104,POR,100,15,.121,1.0,7.9 
105,LAC,2094,69,.318,1.4,10.5 
106,TOT,1859,81,.214,1.3,13.4 
106,BOS,1198,39,.277,1.5,14.1 
106,GSW,661,42,.129,1.0,12.4 
107,DAL,1254,78,.206,2.4,11.3 
108,MIN,1635,81,.132,1.9,7.2 
109,TOT,80,13,.762,1.9,6.7 
109,ATL,22,5,1.000,0.0,41.0 
109,SAC,58,8,.737,2.6,0.0 
110,TOT,13,2,.000,7.9,0.0 
110,MEM,4,1,0.0,0.0,0.0 
110,CLE,9,1,.000,11.5,0.0 
111,GSW,2846,78,.252,2.2,16.1 
112,DAL,1614,80,.363,1.3,17.1 
113,HOU,75,5,.000,0.0,8.8 
114,DET,238,34,.103,1.3,9.8 
115,PHI,575,51,.414,2.0,18.8 
116,NOP,2358,67,.438,2.0,8.3 
117,MEM,956,63,.307,0.9,10.8 
118,TOT,1662,68,.231,1.8,10.4 
118,ORL,1354,45,.223,1.7,9.5 
118,LAC,308,23,.284,1.9,15.7 
119,TOT,148,22,.147,1.4,6.5 
119,TOR,33,8,.231,0.0,0.0 
119,SAS,115,14,.127,1.8,7.9 
120,TOT,494,47,.229,2.3,17.2 
120,SAS,301,26,.237,2.5,17.0 
120,TOR,193,21,.217,1.9,17.6 
Rk,Tm,MP,G,FTr,STL%,TOV% 
121,TOT,390,31,.386,0.9,15.6 
121,GSW,6,4,2.000,0.0,0.0 
121,PHI,150,11,.448,0.0,20.6 
121,ORL,234,16,.321,1.5,13.0 
122,CLE,1271,72,.162,1.3,15.9 
123,TOT,2213,63,.312,1.5,10.4 
123,CHI,860,23,.350,1.5,12.6 
123,CLE,1353,40,.285,1.4,8.8 
124,TOR,3017,79,.448,1.5,9.5 
125,SAS,1974,79,.159,1.1,16.3 
126,MIN,818,60,.410,1.8,16.8 
127,TOT,675,51,.179,1.5,14.2 
127,GSW,265,24,.093,1.1,15.2 
127,MIA,410,27,.250,1.7,13.5 
128,CHA,1016,49,.325,1.5,11.1 
129,PHO,2668,76,.381,2.0,14.3 
130,DET,2619,81,.427,2.0,10.7 
131,LAC,1729,74,.130,1.2,10.6 
132,SAS,2158,74,.349,1.0,13.2 
133,CHI,2584,82,.212,1.3,11.3 
134,OKC,3122,81,.477,1.7,12.2 
135,CLE,12,2,.000,0.0,25.0 
136,DAL,393,45,.087,2.1,7.8 
137,DAL,3023,82,.336,2.4,15.2 
138,NOP,27,2,.000,0.0,0.0 
139,UTA,1209,66,.226,1.8,9.9 
140,TOT,899,54,.867,2.1,21.9 
140,BRK,399,30,1.102,1.7,24.2 
140,SAC,500,24,.714,2.4,20.1 
Rk,Tm,MP,G,FTr,STL%,TOV% 
141,NOP,2028,72,.346,2.2,14.5 
142,DEN,2178,80,.379,1.6,12.4 
143,LAL,912,41,.162,2.0,19.6 
144,BOS,488,37,.252,1.5,20.1 
145,UTA,2201,73,.380,1.8,12.9 
146,CLE,38,7,.286,0.0,20.2 
147,NYK,2017,65,.201,2.1,16.3 
148,TOR,322,30,.328,1.6,12.5 
149,OKC,1428,81,.197,2.5,11.1 
150,DEN,1503,76,.226,1.1,14.3 
151,DEN,2485,81,.211,1.3,13.2 
152,MEM,161,21,.051,1.3,21.6 
153,TOT,519,49,.093,1.4,16.9 
153,SAC,463,41,.096,1.5,17.6 
153,CHI,56,8,.069,0.0,11.8 
154,POR,727,52,.179,0.7,15.5 
155,PHO,2312,82,.122,1.3,9.8 
156,HOU,1083,55,.065,1.2,9.0 
157,BRK,1109,54,.132,2.0,15.5 
158,UTA,1048,71,.045,2.1,21.7 
159,MEM,1970,59,.339,1.6,12.0 
160,LAL,1884,60,.287,0.7,12.4 
Rk,Tm,MP,G,FTr,STL%,TOV% 
161,TOT,2531,73,.328,1.9,14.2 
161,TOR,639,18,.263,2.3,13.6 
161,SAC,1892,55,.354,1.8,14.5 
162,CLE,1020,65,.258,2.0,14.3 
163,IND,2898,80,.341,2.7,12.5 
164,CHI,2351,82,.314,0.9,12.8 
165,SAS,1550,68,.300,2.3,16.4 
166,UTA,434,45,.878,1.0,23.8 
167,OKC,34,5,.000,0.0,11.1 
168,WAS,395,22,.189,1.3,9.9 
169,PHO,533,52,.329,1.9,18.7 
170,CHA,279,19,.194,1.9,15.2 
171,NOP,2057,64,.273,1.9,12.8 
172,WAS,2655,81,.273,0.8,11.8 
173,TOT,847,41,.218,0.7,12.0 
173,IND,653,29,.238,0.7,12.8 
173,LAC,194,12,.167,0.8,10.0 
174,TOT,355,37,.328,1.4,30.8 
174,TOR,20,4,.667,0.0,50.8 
174,SAC,335,33,.310,1.5,29.1 
175,SAS,1651,68,.125,2.0,12.5 
176,GSW,1797,82,.268,2.8,15.1 
177,PHO,2330,82,.229,1.5,11.6 
178,BOS,2805,82,.304,1.0,11.1 
179,LAC,869,55,.125,1.3,10.6 
180,LAC,2863,80,.496,1.6,11.9 
Rk,Tm,MP,G,FTr,STL%,TOV% 
181,BRK,244,15,.222,2.2,19.1 
182,TOT,1019,60,.136,2.1,10.4 
182,DEN,670,39,.122,2.3,9.2 
182,HOU,349,21,.164,1.9,12.7 
183,TOT,72,8,.250,3.6,15.3 
183,CHA,4,1,0.0,13.0,100.0 
183,MIA,68,7,.250,3.1,11.9 
184,TOR,978,64,.944,1.5,14.5 
185,NYK,1875,81,.186,1.2,5.9 
186,HOU,2777,73,.552,2.1,15.0 
187,ORL,1950,80,.296,2.5,13.6 
188,DET,317,32,.085,1.0,10.5 
189,WAS,511,34,.169,1.4,13.3 
190,DAL,818,40,.453,1.8,16.2 
191,LAL,11,2,.000,4.4,0.0 
192,LAL,180,9,.171,1.1,10.7 
193,UTA,225,20,.443,3.7,13.1 
194,ORL,1850,61,.341,1.1,8.7 
195,MIA,653,46,.301,0.9,12.7 
196,TOT,2470,80,.172,0.9,15.4 
196,PHI,1666,53,.172,0.9,15.9 
196,CLE,804,27,.172,0.8,14.5 
197,TOT,754,61,.192,2.3,19.0 
197,SAC,179,16,.219,3.1,16.6 
197,TOR,575,45,.184,2.1,19.7 
198,UTA,2800,77,.369,2.1,15.0 
199,CHA,2461,77,.332,1.1,9.6 
200,LAL,908,43,.513,2.4,11.9 
Rk,Tm,MP,G,FTr,STL%,TOV% 
201,MIL,1856,70,.277,1.2,13.7 
202,IND,2409,81,.357,0.6,14.5 
203,DEN,1859,69,.443,1.2,14.1 
204,WAS,1560,53,.448,2.1,14.1 
205,IND,2434,76,.286,1.6,11.7 
206,LAL,1500,72,.347,0.9,11.1 
207,IND,226,28,.175,1.1,23.2 
208,CHI,2116,73,.202,2.0,15.1 
209,NOP,1143,34,.139,2.6,17.9 
210,LAC,482,61,.778,0.9,23.1 
211,CLE,7,2,.500,7.4,0.0 
212,ATL,958,29,.202,1.4,12.3 
213,HOU,2396,71,.798,1.2,17.5 
214,MIN,655,53,.090,1.2,5.2 
215,BOS,1376,69,.312,1.2,10.9 
216,OKC,2666,81,.203,0.7,10.3 
217,GSW,2040,63,.288,2.3,16.2 
218,MIL,1478,55,.225,1.6,8.7 
219,CLE,2496,71,.273,2.2,12.1 
220,OKC,5,2,.000,0.0,0.0 
Rk,Tm,MP,G,FTr,STL%,TOV% 
221,CLE,2252,80,.213,1.3,14.8 
222,OKC,2277,80,.193,1.9,14.5 
223,LAC,107,9,.154,2.8,17.8 
224,DAL,146,30,.478,1.1,26.4 
225,SAS,50,5,.222,0.0,9.2 
226,MIA,2902,77,.432,2.2,14.4 
227,CHI,77,11,.095,1.4,18.6 
228,LAC,248,22,.272,1.8,6.4 
229,TOT,47,6,.667,0.0,11.4 
229,SAS,34,4,.400,0.0,0.0 
229,MIN,13,2,2.000,0.0,34.7 
230,CHA,2553,73,.201,1.4,7.6 
231,UTA,2213,82,.248,1.3,11.5 
232,ATL,158,13,.095,0.3,20.1 
233,DET,2728,80,.283,1.9,14.4 
234,DET,741,64,.284,1.4,15.5 
235,TOR,2214,77,.234,1.3,15.4 
236,BOS,789,40,.201,1.8,8.6 
237,MEM,956,52,.292,2.3,16.0 
238,BRK,2575,79,.192,1.0,9.8 
239,TOT,392,45,.230,0.8,10.8 
239,IND,342,38,.229,0.9,11.7 
239,SAC,50,7,.235,0.0,5.1 
240,LAL,2240,79,.118,1.9,11.6 
Rk,Tm,MP,G,FTr,STL%,TOV% 
241,PHI,15,3,.286,3.2,20.2 
242,MIA,236,20,.162,0.7,5.2 
243,OKC,764,62,.232,0.9,9.5 
244,ORL,85,11,.235,1.2,9.6 
245,HOU,2078,76,.274,1.3,8.2 
246,LAC,2870,82,.726,1.4,15.3 
247,SAS,936,68,.362,1.9,12.3 
248,LAL,736,39,.197,0.7,16.4 
249,UTA,2138,80,.239,0.7,13.3 
250,CLE,156,22,.286,1.0,21.8 
251,LAL,1312,59,.364,1.2,9.8 
252,CHA,1502,62,.521,1.5,12.1 
253,BRK,857,45,.744,2.4,20.3 
254,MIL,2400,72,.296,1.5,13.2 
255,ATL,2408,71,.154,1.5,13.6 
256,MEM,1349,80,.203,1.3,11.8 
257,PHO,59,20,.533,0.0,24.5 
258,GSW,92,21,.846,1.6,35.9 
259,ORL,695,53,.225,0.8,13.3 
260,OKC,1538,78,.105,1.8,8.7 
Rk,Tm,MP,G,FTr,STL%,TOV% 
261,SAC,233,18,.283,0.7,11.8 
262,DAL,489,48,.182,2.7,20.9 
263,DEN,2222,62,.504,2.2,16.9 
264,DAL,33,11,.235,1.6,9.6 
265,TOT,1973,79,.182,1.7,9.9 
265,BOS,504,30,.120,2.0,11.5 
265,MEM,1469,49,.209,1.6,9.3 
266,GSW,2288,69,.302,1.0,12.0 
267,PHO,362,42,.397,0.6,22.1 
268,SAS,1923,66,.195,3.0,10.3 
269,POR,355,40,.231,1.0,13.0 
270,MEM,642,49,.191,1.5,9.2 
271,MIA,971,60,.140,2.9,12.3 
272,MIA,1,1,.000,0.0,0.0 
273,POR,2937,82,.327,1.1,11.5 
274,HOU,2054,71,.400,1.6,18.4 
275,BRK,1974,76,.392,2.5,15.5 
276,BRK,533,17,.502,0.9,9.1 
277,POR,2603,82,.376,0.5,10.1 
278,MIN,2797,77,.445,1.0,10.3 
279,TOR,2862,79,.356,2.2,13.4 
280,UTA,591,42,.084,1.2,10.0 
Rk,Tm,MP,G,FTr,STL%,TOV% 
281,ATL,1490,73,.148,1.7,14.3 
282,IND,1248,77,.767,1.7,18.7 
283,DAL,2409,76,.092,1.9,11.4 
284,LAL,1564,54,.086,1.5,25.6 
285,TOT,870,59,.246,1.6,10.4 
285,ATL,822,53,.238,1.6,10.4 
285,CHI,48,6,.500,1.1,9.3 
286,NYK,633,32,.154,2.1,16.5 
287,MIN,2177,68,.332,1.5,8.3 
288,MIA,260,25,.104,1.2,11.4 
289,POR,2780,82,.298,1.4,8.8 
290,ORL,488,34,.295,0.8,10.6 
291,TOT,327,31,.109,1.4,21.5 
291,WAS,215,23,.042,1.2,18.8 
291,PHI,112,8,.276,1.7,27.0 
292,MIL,1346,52,.160,1.1,13.9 
293,TOT,1003,64,.347,1.5,15.2 
293,SAC,196,9,.406,2.3,9.6 
293,MIN,807,55,.335,1.3,16.3 
294,SAC,897,45,.143,1.2,10.9 
295,POR,476,38,.191,1.5,15.4 
296,DEN,79,5,.026,0.6,17.2 
297,SAC,2187,82,.211,1.0,11.5 
298,CHA,2360,78,.150,1.3,12.1 
299,LAL,2556,77,.289,2.1,9.9 
300,DAL,292,31,.140,0.7,25.4 
Rk,Tm,MP,G,FTr,STL%,TOV% 
301,MIL,2460,82,.160,1.8,11.9 
302,CLE,984,51,.183,2.4,9.1 
303,TOT,982,58,.333,1.7,18.7 
303,DEN,570,30,.326,1.3,16.7 
303,WAS,412,28,.345,2.4,21.8 
304,NOP,723,45,.217,1.7,10.8 
305,MEM,1707,82,.126,0.8,14.1 
306,DEN,789,52,.215,1.4,14.6 
307,SAS,1527,81,.123,2.3,8.2 
308,ATL,2482,74,.373,2.6,13.2 
309,MIL,10,3,.000,5.2,0.0 
310,DET,79,21,1.583,3.8,16.4 
311,CHI,562,80,.238,1.3,21.0 
312,DET,2690,82,.362,1.7,12.4 
313,ORL,1506,79,.149,2.0,10.2 
314,TOT,313,27,.271,2.1,20.1 
314,PHI,193,12,.313,2.0,19.9 
314,LAC,54,10,.154,1.9,12.6 
314,MEM,66,5,.188,2.4,25.7 
315,PHO,1800,82,.244,2.0,11.6 
316,PHO,2153,81,.387,1.6,12.9 
317,NOP,1426,76,.167,1.4,8.4 
318,HOU,952,62,.324,1.0,12.7 
319,PHI,187,12,.132,2.1,14.8 
320,DEN,1770,82,.477,0.7,15.6 
Rk,Tm,MP,G,FTr,STL%,TOV% 
321,MIN,290,37,.323,1.4,10.2 
322,TOT,414,45,.121,1.8,13.4 
322,LAC,167,27,.094,1.8,16.3 
322,PHI,247,18,.139,1.8,11.6 
323,CHI,62,24,.000,0.0,13.3 
324,NYK,373,51,.302,2.7,18.9 
325,ATL,215,20,.192,0.7,13.2 
326,SAC,74,14,.111,0.0,24.1 
327,LAL,313,15,.255,1.1,22.9 
328,TOT,1114,52,.223,0.8,11.0 
328,MIL,607,30,.195,0.6,11.5 
328,CHA,507,22,.263,1.1,10.4 
329,GSW,142,24,.205,0.0,23.4 
330,ORL,2179,68,.150,1.2,17.3 
331,ORL,1174,76,.136,0.8,10.3 
332,CHI,2820,80,.419,1.9,17.0 
333,TOR,540,54,.041,1.2,3.3 
334,DAL,2628,80,.295,1.4,7.5 
335,TOT,165,13,.196,1.8,12.3 
335,ATL,54,4,.222,0.9,16.8 
335,PHI,111,9,.179,2.2,9.0 
336,GSW,883,44,.532,0.8,14.5 
337,ORL,1188,69,.224,1.7,16.1 
338,MIA,212,23,.469,1.7,16.9 
339,ORL,2487,80,.340,2.7,19.2 
340,BOS,1400,70,.243,1.3,16.0 
Rk,Tm,MP,G,FTr,STL%,TOV% 
341,TOT,30,5,.400,0.0,14.5 
341,NOP,25,3,.500,0.0,17.0 
341,CLE,5,2,.000,0.0,0.0 
342,PHI,251,22,.638,1.2,23.0 
343,SAC,1065,63,.160,1.0,6.9 
344,MIL,1325,53,.372,1.8,18.5 
345,CHA,242,29,.093,3.0,17.5 
346,SAS,1997,68,.266,0.9,12.9 
347,HOU,2783,74,.224,1.6,11.7 
348,TOT,1533,65,.145,1.9,11.1 
348,SAC,415,17,.131,1.6,11.0 
348,TOR,1118,48,.150,2.0,11.1 
349,LAC,2171,62,.397,3.5,12.4 
350,MIN,1663,54,.355,0.9,9.4 
351,OKC,1207,62,.347,1.1,28.8 
352,BRK,2098,75,.435,2.2,15.3 
353,ATL,3,2,2.000,0.0,0.0 
354,BRK,1275,70,.646,2.0,16.6 
355,PHO,1964,80,.239,1.3,15.4 
356,MEM,270,15,.329,1.0,14.2 
357,WAS,319,37,.132,1.3,12.7 
358,HOU,19,1,.000,0.0,14.3 
359,BOS,1132,75,.178,3.1,24.2 
360,MIN,99,28,.043,0.5,13.0 
Rk,Tm,MP,G,FTr,STL%,TOV% 
361,ORL,377,31,.141,3.4,21.0 
362,NYK,1283,66,.063,2.8,23.4 
363,MEM,1948,76,.122,1.1,7.3 
364,MIL,465,48,.437,0.8,15.7 
365,DEN,527,43,.392,2.4,15.9 
366,PHO,95,14,.786,1.6,21.0 
367,MEM,2705,79,.281,1.1,12.0 
368,LAC,987,35,.266,1.4,8.6 
369,WAS,109,11,.189,2.8,18.3 
370,TOT,1141,61,.080,1.5,16.3 
370,MIL,763,36,.087,1.6,16.8 
370,CHA,378,25,.065,1.2,15.3 
371,NOP,1339,69,.365,1.8,12.3 
372,OKC,399,40,.147,2.4,20.8 
373,NOP,1667,72,.229,1.3,12.9 
374,DEN,866,44,.222,2.0,12.1 
375,POR,873,70,.345,1.3,14.5 
376,BOS,998,30,.191,2.1,20.7 
377,CHI,311,10,.195,0.9,16.0 
378,TOR,2159,81,.130,1.5,10.0 
379,MIN,2638,82,.422,3.6,21.8 
380,UTA,418,38,.056,0.6,17.8 
Rk,Tm,MP,G,FTr,STL%,TOV% 
381,LAL,1089,65,.313,1.1,11.4 
382,TOT,1726,78,.126,1.4,11.0 
382,SAC,445,18,.060,1.4,10.4 
382,TOR,1281,60,.152,1.4,11.2 
383,MIL,584,23,.340,1.6,12.3 
384,ATL,641,49,.229,1.3,22.8 
385,IND,1399,82,.243,1.0,14.8 
386,ATL,1482,80,.210,1.0,10.3 
387,OKC,1584,61,.203,2.5,12.9 
388,WAS,578,53,.141,0.3,14.9 
389,TOT,2214,83,.525,1.2,13.5 
389,CHA,1305,55,.503,1.3,14.1 
389,MIL,909,28,.559,0.9,12.7 
390,OKC,11,3,.667,0.0,34.0 
391,TOT,154,26,.286,1.0,27.6 
391,BRK,137,17,.333,0.8,28.6 
391,CHI,17,9,.000,3.1,20.0 
392,NYK,1962,74,.147,2.5,13.3 
393,MIN,664,63,.380,1.9,14.8 
394,TOT,875,46,.442,1.6,11.1 
394,CLE,168,20,.311,1.5,13.5 
394,PHI,707,26,.467,1.6,10.7 
395,DET,2337,82,.306,1.3,10.4 
396,WAS,250,25,.373,1.9,17.9 
397,DET,224,24,.263,2.0,22.1 
398,IND,392,48,.171,1.3,14.9 
399,NYK,2,2,0.0,0.0,0.0 
400,HOU,100,11,.179,0.5,14.2 
Rk,Tm,MP,G,FTr,STL%,TOV% 
401,PHO,1006,70,.139,2.4,17.9 
402,NYK,2421,74,.145,1.4,9.6 
403,NOP,830,31,.177,0.7,8.4 
404,DET,2730,77,.244,1.9,12.7 
405,CHI,1231,77,.122,1.3,11.1 
406,TOT,30,4,.133,1.7,5.9 
406,CHA,3,1,.000,0.0,0.0 
406,NOP,27,3,.167,1.9,7.2 
407,GSW,982,79,.303,0.5,11.6 
408,SAS,1271,59,.500,1.2,15.1 
409,MIL,15,3,.143,0.0,0.0 
410,IND,2752,78,.226,1.0,18.0 
411,NOP,1007,55,.262,1.8,24.4 
412,TOR,120,21,.176,1.3,21.4 
413,NYK,1466,65,.364,0.8,12.3 
414,DET,1950,73,.342,1.4,11.3 
415,BOS,2041,74,.226,0.9,10.7 
416,CHA,629,26,.216,1.1,9.5 
417,BRK,270,23,.330,2.3,22.9 
418,ATL,2542,79,.362,1.8,16.1 
419,TOT,443,40,.294,1.2,22.5 
419,CHI,242,19,.242,0.4,18.9 
419,BRK,201,21,.358,2.1,26.4 
420,BRK,1396,72,.117,1.1,8.8 
Rk,Tm,MP,G,FTr,STL%,TOV% 
421,WAS,638,75,.305,2.8,20.8 
422,BRK,570,35,.099,1.2,14.5 
423,OKC,192,23,.217,1.0,35.7 
424,TOT,37,6,.071,0.0,6.5 
424,ORL,24,4,.111,0.0,0.0 
424,PHI,13,2,.000,0.0,16.7 
425,SAC,2497,72,.371,1.9,14.3 
426,NOP,42,5,.444,0.0,15.7 
427,TOT,63,8,.125,0.0,34.8 
427,SAS,15,1,.500,0.0,17.0 
427,UTA,48,7,.000,0.0,40.0 
428,PHI,1742,77,.196,1.5,12.9 
429,SAC,2007,82,.292,0.8,14.5 
430,GSW,2868,81,.147,1.3,9.2 
431,CLE,2594,82,.445,0.8,10.6 
432,TOT,1741,72,.175,1.7,8.9 
432,SAC,1121,46,.139,1.4,8.8 
432,BRK,620,26,.226,2.3,9.0 
433,UTA,110,8,.000,1.0,31.0 
434,CHA,1298,64,.134,0.8,6.6 
435,PHO,2490,81,.327,2.2,12.7 
436,MIN,606,31,.467,0.7,15.7 
437,LAC,392,38,.165,2.4,12.0 
438,TOT,2457,81,.257,1.3,14.3 
438,PHI,1886,54,.274,1.4,14.3 
438,IND,571,27,.179,1.0,14.2 
439,NYK,398,41,.414,0.8,15.9 
440,MIL,804,42,.329,1.0,18.8 
Rk,Tm,MP,G,FTr,STL%,TOV% 
441,TOT,643,41,.169,1.9,19.7 
441,NYK,588,31,.150,2.0,19.8 
441,MEM,55,10,.333,1.0,19.5 
442,TOR,2282,81,.385,0.5,14.7 
443,CLE,1800,65,.294,2.0,12.2 
444,TOT,339,24,.867,1.4,10.8 
444,CHI,2,1,0.0,0.0,0.0 
444,PHI,337,23,.867,1.4,10.8 
445,TOT,1779,79,.164,0.9,15.4 
445,SAC,465,18,.213,0.7,14.1 
445,TOR,1314,61,.150,1.0,15.7 
446,TOT,776,54,.324,3.4,15.4 
446,WAS,470,33,.326,2.8,17.3 
446,DEN,306,21,.321,4.3,13.2 
447,DET,180,20,.152,1.1,6.7 
448,ORL,1812,57,.197,1.7,12.9 
449,LAC,10,2,.000,5.0,37.5 
450,MIA,1775,54,.339,2.3,15.5 
451,CLE,2072,70,.237,1.6,12.3 
452,CHA,2614,73,.295,1.7,11.6 
453,WAS,2980,82,.295,2.6,16.3 
454,BOS,1416,58,.439,2.7,26.1 
455,PHI,116,9,.143,3.3,10.1 
456,IND,1193,63,.263,2.6,13.9 
457,POR,161,24,.364,1.6,57.1 
458,LAC,9,2,.000,11.1,0.0 
459,WAS,2157,78,.213,1.0,8.3 
460,IND,2472,80,.267,1.3,11.2 
Rk,Tm,MP,G,FTr,STL%,TOV% 
461,OKC,1412,46,.370,3.1,16.1 
462,CHA,10,2,.000,5.2,0.0 
463,SAC,9,3,.000,0.0,0.0 
464,BRK,2059,64,.302,2.4,15.0 
465,TOT,1820,78,.537,1.3,11.3 
465,MIN,162,11,.296,1.2,8.9 
465,SAC,1658,67,.568,1.4,11.6 
466,PHI,1157,67,.353,1.5,14.9 
467,ATL,1445,60,.363,1.6,13.9 
468,UTA,1674,66,.139,1.7,8.7 
469,POR,1834,74,.132,1.5,17.3 
470,OKC,17,3,.000,3.0,18.2 
471,LAL,751,36,.104,1.2,9.5 
472,NOP,684,58,.566,1.1,11.0 
473,MIL,1309,58,.231,1.4,11.7 
474,NYK,388,29,.113,3.3,11.4 
475,DAL,1077,58,.320,1.5,8.5 
476,MIL,126,8,.429,2.9,10.7 
477,POR,984,68,.232,1.2,10.6 
478,PHI,1765,72,.403,2.1,17.7 
479,LAL,1810,64,.321,1.2,8.6 
480,PHI,2718,79,.178,3.0,10.7 
Rk,Tm,MP,G,FTr,STL%,TOV% 
481,CHA,1416,82,.495,1.5,15.0 
