Rk,Tm,MP,G,FTr,STL%,TOV% 
1,LAL,2308,80,.298,1.0,13.5 
2,BOS,1151,79,.547,1.2,17.7 
3,PHO,1646,82,.253,2.4,19.9 
4,DEN,2778,82,.215,2.8,12.4 
5,DAL,2610,77,.321,1.3,10.2 
6,BOS,3018,81,.183,1.9,12.6 
7,WSB,769,63,.163,0.6,13.5 
8,DAL,197,28,.309,4.3,16.1 
9,SAS,1984,82,.434,1.3,13.7 
10,TOT,1350,74,.175,1.8,11.4 
10,HOU,53,12,.192,0.9,3.4 
10,POR,1297,62,.174,1.8,11.9 
11,IND,1097,74,.323,1.8,12.8 
12,SAC,85,9,.186,1.7,7.9 
13,PHI,234,14,.149,2.1,13.2 
14,NJN,2774,82,.201,1.9,17.1 
15,PHO,869,65,.369,0.9,20.0 
16,UTA,2804,82,.317,0.8,11.5 
17,PHI,3170,80,.741,1.6,15.2 
18,ATL,1227,67,.307,1.3,9.7 
19,DET,298,38,.228,1.3,14.6 
20,LAC,2171,66,.368,1.1,21.7 
Rk,Tm,MP,G,FTr,STL%,TOV% 
21,CLE,12,2,1.000,4.1,41.0 
22,SAS,1922,73,.333,1.3,12.8 
23,BOS,2965,76,.271,2.1,10.2 
24,NJN,1882,67,.125,1.4,14.2 
25,DAL,658,73,.492,0.6,23.4 
26,DAL,2580,71,.361,1.2,10.6 
27,SAS,112,10,.146,1.2,15.5 
28,WSB,1628,79,.174,3.8,18.0 
29,WSB,1136,77,.297,0.5,15.8 
30,TOT,1437,65,.266,3.9,17.8 
30,MIL,5,2,.000,0.0,0.0 
30,NJN,1432,63,.266,3.9,17.8 
31,NJN,308,20,.172,2.5,16.8 
32,MIL,2258,81,.363,1.0,10.5 
33,SAS,2227,70,.434,1.5,17.8 
34,DEN,133,16,.082,1.4,19.1 
35,CHI,591,46,.408,0.9,15.6 
36,LAC,312,19,.500,1.5,19.2 
37,LAC,2660,72,.619,1.6,14.1 
38,LAL,242,13,.386,2.2,18.0 
39,NYK,204,26,.164,2.6,23.4 
40,ATL,1483,80,.352,1.3,16.3 
Rk,Tm,MP,G,FTr,STL%,TOV% 
41,TOT,2004,77,.244,1.2,13.8 
41,GSW,408,14,.354,1.5,15.1 
41,HOU,1596,63,.211,1.1,13.4 
42,NYK,1676,82,.807,1.2,15.9 
43,WSB,1610,70,.402,1.0,12.8 
44,SEA,2680,82,.380,1.6,11.6 
45,PHI,2871,79,.318,2.9,14.0 
46,TOT,1498,70,.408,1.4,19.2 
46,NJN,657,27,.350,2.1,20.6 
46,PHI,841,43,.474,0.9,17.6 
47,LAC,431,29,.188,1.2,7.2 
48,TOT,1513,68,.215,2.0,15.4 
48,PHI,152,12,.225,2.0,20.0 
48,WSB,1361,56,.214,2.0,14.9 
49,NJN,1122,75,.413,1.6,21.3 
50,HOU,399,52,.380,4.5,20.7 
51,PHO,359,33,.475,1.2,16.4 
52,LAL,1793,61,.234,1.8,16.0 
53,DEN,865,45,.248,0.6,16.5 
54,TOT,1739,84,.263,2.0,15.1 
54,CLE,1148,54,.304,1.8,15.3 
54,PHO,591,30,.197,2.4,14.7 
55,CHI,2328,80,.214,0.8,12.2 
56,PHO,258,29,.368,0.9,24.0 
57,NYK,946,62,.261,1.0,16.0 
58,MIL,2629,76,.292,1.5,9.8 
59,LAC,1128,69,.203,1.4,14.7 
60,CLE,1499,79,.136,3.1,12.1 
Rk,Tm,MP,G,FTr,STL%,TOV% 
61,LAC,1282,67,.415,2.6,12.1 
62,DET,2144,69,.663,0.9,10.8 
63,CLE,2957,79,.488,0.8,16.9 
64,DAL,1480,75,.260,1.7,16.4 
65,TOT,226,21,.087,0.4,13.1 
65,MIL,39,5,.000,2.5,21.7 
65,SAS,187,16,.103,0.0,11.4 
66,PHO,1951,68,.224,2.1,10.0 
67,TOT,33,6,1.667,0.0,31.0 
67,UTA,26,4,1.714,0.0,24.6 
67,DET,7,2,1.500,0.0,47.5 
68,SAS,2179,65,.265,1.9,14.2 
69,BOS,655,47,.401,2.2,14.7 
70,DAL,2523,81,.497,0.8,19.6 
71,NYK,364,44,.193,2.1,26.2 
72,IND,74,20,1.529,1.3,27.9 
73,LAC,2024,74,.150,1.5,16.5 
74,POR,3060,81,.350,3.1,10.9 
75,POR,2223,78,.474,0.6,13.9 
76,CLE,513,55,.518,1.2,15.6 
77,DET,2732,82,.321,1.6,13.6 
78,DEN,1534,82,.333,3.0,12.7 
79,UTA,2731,82,.353,0.7,17.3 
80,SAC,414,16,.278,1.1,26.7 
Rk,Tm,MP,G,FTr,STL%,TOV% 
81,TOT,1705,69,.499,0.4,14.2 
81,PHO,1377,43,.480,0.5,14.1 
81,DET,328,26,.604,0.3,14.7 
82,CLE,1709,79,.272,2.4,16.5 
83,SEA,2790,75,.260,1.3,9.2 
84,NJN,399,54,.398,1.1,21.9 
85,DEN,2818,80,.222,1.1,8.8 
86,DEN,656,56,.121,2.4,11.7 
87,NYK,2546,82,.402,2.0,17.1 
88,DAL,157,30,.145,0.9,23.1 
89,GSW,1128,70,.332,0.6,15.8 
90,LAC,154,7,.722,1.5,28.6 
91,IND,2733,80,.335,2.1,15.3 
92,TOT,2514,77,.365,1.8,16.5 
92,GSW,680,18,.462,1.9,15.6 
92,HOU,1834,59,.322,1.7,17.0 
93,GSW,1597,78,.366,1.6,14.2 
94,HOU,682,58,.286,1.4,11.1 
95,POR,19,9,.000,4.9,40.0 
96,GSW,2122,67,.203,2.6,16.5 
97,PHO,1807,55,.268,1.5,13.3 
98,TOT,893,71,.707,0.8,22.0 
98,CHI,372,24,.463,0.7,22.5 
98,BOS,521,47,.901,0.9,21.7 
99,TOT,2961,81,.348,1.1,12.0 
99,NJN,1194,34,.350,1.1,13.2 
99,PHI,1767,47,.347,1.0,11.1 
100,LAC,65,8,.194,0.7,10.6 
Rk,Tm,MP,G,FTr,STL%,TOV% 
101,CHI,1827,81,.359,1.4,12.8 
102,IND,807,74,.378,0.7,18.2 
103,LAL,2636,82,.592,1.6,12.9 
104,UTA,1116,81,.224,2.4,18.8 
105,NYK,2049,82,.325,1.5,18.1 
106,SAS,1236,45,.338,1.2,16.4 
107,LAC,313,23,.269,1.4,12.8 
108,UTA,1052,52,.157,2.3,9.7 
109,SAS,1017,69,.518,0.8,23.1 
110,UTA,1796,81,.249,1.7,11.8 
111,DEN,1334,77,.568,2.2,20.9 
112,DAL,3032,82,.295,2.7,12.6 
113,CLE,1830,57,.380,3.3,15.6 
114,TOT,1084,58,.232,2.2,9.4 
114,HOU,199,14,.186,1.9,6.1 
114,GSW,885,44,.242,2.2,10.1 
115,ATL,403,55,.329,1.0,13.0 
116,PHI,351,22,.405,1.7,22.6 
117,TOT,1505,75,.375,2.3,20.1 
117,NYK,69,6,.143,1.4,35.0 
117,PHI,1436,69,.383,2.3,19.6 
118,TOT,190,17,.491,2.0,20.9 
118,GSW,170,12,.292,2.2,21.7 
118,CLE,20,5,2.400,0.0,16.3 
119,TOT,433,39,.313,1.3,18.6 
119,BOS,81,10,.357,0.6,21.7 
119,MIL,145,14,.171,1.4,24.1 
119,SAC,207,15,.370,1.6,14.5 
120,GSW,2188,68,.444,1.5,11.4 
Rk,Tm,MP,G,FTr,STL%,TOV% 
121,TOT,2592,77,.377,1.3,13.5 
121,PHI,845,29,.456,1.4,16.2 
121,NJN,1747,48,.345,1.3,12.3 
122,TOT,1445,66,.136,1.5,12.2 
122,MIL,983,43,.113,1.5,11.9 
122,PHO,462,23,.180,1.6,12.7 
123,POR,1279,82,.365,1.5,17.3 
124,TOT,642,39,.339,1.0,15.0 
124,MIL,35,3,.273,0.0,14.0 
124,GSW,607,36,.343,1.0,15.0 
125,NJN,1365,61,.322,2.0,16.0 
126,PHO,2243,82,.306,2.3,18.5 
127,CLE,1631,78,.501,1.5,16.6 
128,UTA,42,11,.462,0.0,27.7 
129,TOT,1809,68,.284,2.1,17.3 
129,PHO,1557,50,.287,1.9,16.5 
129,MIL,252,18,.259,3.9,24.0 
130,UTA,1238,81,.321,0.9,19.1 
131,NYK,3249,82,.263,3.1,18.6 
132,SAC,760,58,.187,1.3,23.9 
133,HOU,879,70,.305,1.6,13.8 
134,SEA,723,74,.305,0.9,19.6 
135,BOS,2670,77,.371,1.7,17.3 
136,PHO,2177,73,.216,0.7,10.3 
137,WSB,1258,75,.299,2.7,14.9 
138,CLE,12,4,.000,4.1,40.0 
139,TOT,1917,80,.354,2.6,17.5 
139,CLE,1043,52,.360,2.8,18.5 
139,PHO,874,28,.347,2.3,16.3 
140,LAL,2637,72,.491,2.1,18.2 
Rk,Tm,MP,G,FTr,STL%,TOV% 
141,POR,1050,43,.510,0.8,17.0 
142,DET,1935,82,.226,1.5,12.6 
143,POR,1778,79,.403,0.8,20.9 
144,WSB,1313,69,.424,2.0,21.3 
145,POR,186,37,.825,0.7,18.0 
146,CHI,3311,82,.430,3.9,9.6 
147,POR,2888,79,.323,2.0,10.3 
148,PHI,1593,72,.191,1.2,13.7 
149,WSB,2044,69,.345,1.2,16.3 
150,TOT,1063,53,.385,0.9,23.3 
150,BOS,86,13,.261,1.7,26.0 
150,LAC,977,40,.401,0.8,23.0 
151,SAC,1999,82,.274,0.7,12.2 
152,UTA,225,36,.271,1.3,25.1 
153,ATL,1073,49,.670,1.7,16.8 
154,MIL,1050,50,.477,0.8,15.0 
155,DET,2897,82,.232,1.1,11.8 
156,LAL,7,3,0.0,0.0,0.0 
157,HOU,2150,80,.377,2.7,14.3 
158,DEN,3061,82,.232,3.3,10.8 
159,ATL,2135,82,.436,1.2,12.3 
160,DET,310,50,.552,2.0,14.9 
Rk,Tm,MP,G,FTr,STL%,TOV% 
161,BOS,405,49,.295,1.9,12.1 
162,SEA,1812,82,.548,0.7,17.5 
163,BOS,718,70,.252,1.4,17.8 
164,IND,2022,81,.208,2.0,11.7 
165,MIL,1766,81,.257,2.5,15.1 
166,POR,1191,73,.397,1.3,14.3 
167,DET,1963,67,.451,1.1,17.1 
168,WSB,2655,80,.279,0.9,10.1 
169,UTA,3198,82,.478,1.7,14.0 
170,WSB,2692,79,.632,1.1,15.2 
171,MIL,477,35,.314,1.3,15.2 
172,PHO,101,10,.255,2.3,13.7 
173,DEN,136,26,.344,2.0,12.5 
174,LAL,706,51,.262,1.7,20.0 
175,HOU,848,71,.836,1.2,18.8 
176,TOT,2114,70,.332,0.7,13.0 
176,PHI,601,23,.384,1.2,17.8 
176,NJN,1513,47,.318,0.6,11.6 
177,HOU,2689,81,.492,1.0,13.7 
178,SEA,2703,78,.279,1.7,12.4 
179,GSW,2039,81,.201,0.9,13.4 
180,TOT,1003,48,.192,2.5,10.2 
180,ATL,117,11,.115,2.1,11.4 
180,SAC,886,37,.201,2.5,10.0 
Rk,Tm,MP,G,FTr,STL%,TOV% 
181,BOS,2390,64,.476,0.6,11.3 
182,NJN,393,31,.229,1.9,13.7 
183,SEA,1706,82,.432,2.0,14.9 
184,SEA,2453,82,.413,3.3,24.4 
185,PHI,581,42,.496,0.3,13.8 
186,NYK,265,19,.419,2.9,16.2 
187,IND,1840,82,.297,1.4,12.5 
188,TOT,1070,72,.249,2.7,27.5 
188,GSW,202,11,.479,3.5,21.6 
188,BOS,868,61,.185,2.5,29.2 
189,SAS,1501,68,.247,0.9,5.6 
190,MIL,848,60,.343,1.6,16.9 
191,MIL,1428,56,.441,1.4,14.0 
192,TOT,50,10,.296,1.8,11.6 
192,DEN,34,7,.250,2.7,10.1 
192,MIL,16,3,.667,0.0,20.5 
193,TOT,61,5,.000,2.3,41.2 
193,SAS,51,4,.000,2.7,30.8 
193,NJN,10,1,.000,0.0,75.0 
194,TOT,59,14,.276,4.1,11.0 
194,DET,25,9,.308,3.9,16.9 
194,PHO,34,5,.250,4.2,5.3 
195,GSW,2033,60,.292,2.6,13.0 
196,WSB,46,9,.217,0.0,16.6 
197,POR,89,18,.224,2.6,12.9 
198,LAC,19,1,4.000,2.5,0.0 
199,SAS,328,22,.411,2.4,22.7 
200,TOT,2383,67,.424,1.3,12.4 
200,PHO,1477,40,.404,1.4,12.7 
200,CLE,906,27,.464,1.0,11.8 
Rk,Tm,MP,G,FTr,STL%,TOV% 
201,DEN,533,27,.351,1.1,11.1 
202,SAS,837,68,.578,1.6,16.5 
203,TOT,336,44,.346,1.1,27.7 
203,LAC,295,35,.286,1.1,27.6 
203,SAC,41,9,1.333,1.2,29.6 
204,DET,63,17,.286,0.8,7.8 
205,NYK,1589,77,.397,2.2,12.4 
206,SAS,919,72,.323,1.1,14.3 
207,LAC,1435,66,.340,1.5,15.2 
208,NJN,52,4,.250,2.8,0.0 
209,CHI,2816,82,.463,1.2,20.5 
210,HOU,2825,79,.396,2.7,13.0 
211,SAC,946,54,.348,0.6,17.7 
212,NYK,180,29,.320,1.6,19.7 
213,BOS,2312,74,.321,1.2,15.2 
214,TOT,801,45,.265,1.8,10.5 
214,POR,263,17,.168,1.2,8.7 
214,BOS,538,28,.319,2.1,11.4 
215,CHI,1888,81,.077,1.3,9.6 
216,DAL,2499,75,.379,1.5,10.4 
217,IND,2807,79,.157,1.3,13.6 
218,HOU,1793,69,.314,0.9,17.6 
219,LAC,23,2,.571,10.3,18.6 
220,MIL,965,37,.251,1.1,9.6 
Rk,Tm,MP,G,FTr,STL%,TOV% 
221,SAC,1177,79,.519,1.6,15.5 
222,CHI,1650,79,.305,2.8,17.0 
223,SEA,1080,82,.622,1.4,20.0 
224,POR,2991,82,.364,2.3,19.1 
225,MIL,2484,75,.509,2.2,18.7 
226,SAC,2029,80,.185,2.0,15.1 
227,CLE,2626,80,.259,1.9,14.5 
228,LAL,845,70,.500,2.2,20.6 
229,DEN,1779,79,.192,0.6,7.1 
230,HOU,980,62,.177,1.3,9.7 
231,SAS,42,4,1.000,0.0,25.8 
232,MIL,1161,62,.368,3.1,17.6 
233,ATL,2502,80,.473,2.8,16.3 
234,BOS,1032,74,.500,0.8,14.4 
235,SAS,2978,82,.259,3.8,13.8 
236,PHI,2110,62,.281,1.9,12.1 
237,DET,2147,82,.401,1.7,15.8 
238,CLE,168,24,.213,1.2,13.0 
239,ATL,1765,76,.308,0.9,14.7 
240,UTA,201,26,.405,2.8,11.2 
Rk,Tm,MP,G,FTr,STL%,TOV% 
241,IND,16,4,1.000,3.1,10.4 
242,DET,1,1,.000,0.0,0.0 
243,DET,2003,82,.572,1.3,17.4 
244,TOT,1663,48,.287,1.2,18.2 
244,HOU,705,19,.314,1.1,16.7 
244,GSW,958,29,.270,1.2,19.2 
245,TOT,883,59,.251,1.7,12.9 
245,PHO,466,35,.310,1.8,12.2 
245,CLE,417,24,.174,1.5,13.9 
246,DEN,2166,81,.729,1.3,14.9 
247,SEA,973,81,.139,1.9,10.6 
248,DAL,1587,82,.494,1.3,14.1 
249,LAL,3048,81,.235,2.5,9.8 
250,TOT,455,33,.331,5.1,24.1 
250,UTA,447,29,.336,5.0,23.5 
250,NYK,8,4,.000,12.1,50.0 
251,CHI,2212,82,.220,0.8,10.4 
252,HOU,1949,81,.243,1.4,9.8 
253,TOT,694,52,.134,1.5,10.8 
253,BOS,370,24,.146,1.9,13.8 
253,POR,324,28,.122,1.0,7.8 
254,MIL,2923,82,.329,1.6,11.5 
255,IND,760,51,.258,1.4,24.6 
256,SAC,899,35,.310,1.1,10.4 
257,SAC,2170,61,.294,2.0,19.0 
258,GSW,499,20,.220,1.1,21.1 
259,TOT,1549,72,.346,2.8,12.3 
259,DEN,191,15,.301,1.2,10.2 
259,GSW,1358,57,.353,3.0,12.6 
260,LAL,421,48,.641,0.8,18.5 
Rk,Tm,MP,G,FTr,STL%,TOV% 
261,TOT,1044,58,.113,2.0,15.9 
261,NYK,52,3,.000,3.7,24.0 
261,CHI,992,55,.120,1.9,15.3 
262,IND,2692,80,.379,1.6,13.9 
263,UTA,2842,82,.410,4.0,21.9 
264,MIL,271,41,.380,0.5,20.7 
265,SAS,1024,52,.127,1.2,12.5 
266,DAL,2307,81,.312,2.2,14.6 
267,GSW,958,47,.222,1.6,11.8 
268,SAC,2653,73,.292,1.1,13.6 
269,DET,2927,81,.294,2.4,15.3 
270,PHO,566,37,.377,1.8,10.2 
271,LAL,38,9,.769,1.3,25.6 
272,SAC,1257,69,.360,2.0,17.1 
273,LAL,2007,80,.404,0.9,11.7 
274,TOT,593,48,.423,0.9,18.5 
274,NYK,85,7,.421,1.1,26.2 
274,PHI,508,41,.423,0.9,17.0 
275,SAC,3072,82,.497,1.0,13.2 
276,TOT,1055,71,.167,2.8,12.1 
276,CHI,701,45,.156,1.9,13.5 
276,SEA,354,26,.185,4.5,9.8 
277,IND,2378,79,.315,1.1,11.3 
278,TOT,259,25,.435,1.5,20.3 
278,NYK,177,11,.415,1.4,17.1 
278,LAL,82,14,.464,1.8,24.6 
279,PHI,522,29,.421,1.1,19.8 
280,NYK,139,21,.229,3.1,18.5 
Rk,Tm,MP,G,FTr,STL%,TOV% 
281,UTA,976,49,.224,1.6,17.0 
282,NYK,1248,71,.156,2.1,8.8 
283,HOU,99,12,.412,3.3,23.0 
284,CHI,98,17,.067,4.1,24.5 
285,UTA,1011,79,.252,1.2,14.1 
286,SAC,1185,74,.157,1.7,9.0 
287,LAC,1636,79,.255,3.6,20.0 
288,POR,1038,37,.325,0.9,7.0 
289,DEN,1755,73,.300,1.2,11.2 
290,TOT,1501,72,.362,1.8,20.3 
290,SEA,548,43,.395,1.8,22.6 
290,CHI,953,29,.346,1.8,19.1 
291,PHI,772,57,.289,1.7,15.5 
292,GSW,123,11,.200,2.7,37.4 
293,LAL,380,40,.197,0.8,12.1 
294,CHI,114,22,.069,0.9,16.7 
295,WSB,940,52,.361,3.2,17.0 
296,NYK,2139,82,.245,1.4,9.3 
297,NJN,91,9,.450,2.1,18.7 
298,TOT,260,37,.383,0.9,15.2 
298,GSW,86,8,.250,0.5,16.5 
298,ATL,174,29,.469,1.1,14.5 
299,NJN,156,15,.476,3.7,15.1 
300,GSW,56,6,.143,3.4,21.2 
Rk,Tm,MP,G,FTr,STL%,TOV% 
301,NJN,1379,68,.346,3.2,18.3 
302,ATL,1347,82,.326,2.3,22.2 
303,PHI,132,10,.581,1.9,18.8 
304,DAL,125,30,.388,2.0,13.6 
305,TOT,2098,83,.497,1.1,19.9 
305,CLE,1183,54,.484,1.0,19.2 
305,PHO,915,29,.514,1.1,20.7 
306,ATL,24,5,.444,4.2,27.1 
307,IND,513,59,.258,3.4,26.1 
308,LAC,352,17,.460,0.9,12.3 
309,TOT,581,49,.217,1.6,14.7 
309,CHI,2,2,0.0,0.0,0.0 
309,NYK,117,12,.283,0.4,20.1 
309,GSW,462,35,.202,1.9,13.3 
310,GSW,1221,72,.228,1.2,11.0 
311,ATL,2948,78,.335,1.7,8.9 
312,NYK,2703,81,.184,1.6,12.9 
313,NJN,2637,70,.623,1.3,15.1 
314,IND,1966,75,.234,0.9,12.8 
315,CLE,2106,77,.421,1.4,11.7 
316,WSB,2428,82,.281,2.4,12.4 
317,SEA,1084,80,.271,2.7,11.9 
318,LAC,857,35,.155,1.6,12.1 
319,ATL,2091,75,.357,1.6,14.8 
320,POR,54,15,.261,0.0,16.3 
Rk,Tm,MP,G,FTr,STL%,TOV% 
321,TOT,420,24,.364,2.6,16.4 
321,NJN,47,6,1.000,6.2,20.2 
321,SAS,373,18,.293,2.1,15.8 
322,PHI,1419,61,.242,1.7,14.7 
323,MIL,45,7,.154,1.1,22.4 
324,ATL,2412,82,.113,1.0,9.0 
325,LAC,1137,42,.162,1.6,17.5 
326,TOT,909,52,.317,1.3,9.9 
326,SAS,830,38,.323,1.2,9.5 
326,ATL,79,14,.267,2.5,13.0 
327,LAC,2534,80,.270,2.0,11.6 
328,NJN,622,19,.526,1.0,13.6 
329,LAL,2655,75,.262,1.3,10.7 
330,DEN,7,2,.000,0.0,28.6 
331,SEA,949,77,.243,2.6,13.3 
