Rk,Tm,MP,G,FTr,STL%,TOV% 
1,ORL,1691,80,.421,1.0,17.2 
2,DEN,2690,79,.317,2.0,11.1 
3,DET,2005,78,.283,0.9,10.7 
4,SAC,2727,75,.231,2.1,12.7 
5,WSB,1893,82,.169,1.5,10.7 
6,DAL,302,41,.268,2.5,9.4 
7,SAC,746,63,.180,1.1,9.8 
8,MIL,1291,60,.394,1.2,13.6 
9,ORL,1785,81,.351,1.8,13.7 
10,CHH,604,54,.109,1.6,10.5 
11,PHI,2089,78,.234,1.7,7.8 
12,SAS,2788,82,.268,1.9,14.1 
13,ORL,1221,72,.488,0.9,8.1 
14,CHI,1291,81,.199,1.8,16.3 
15,BOS,1095,54,.179,1.8,27.7 
16,UTA,2583,82,.292,0.6,11.2 
17,LAC,589,52,.683,1.4,17.4 
18,PHI,3085,79,.632,2.4,13.9 
19,SEA,1630,81,.149,1.6,13.5 
20,ATL,1477,60,.248,0.9,12.9 
Rk,Tm,MP,G,FTr,STL%,TOV% 
21,PHO,729,59,.482,2.3,13.4 
22,DET,246,42,.176,0.6,13.5 
23,LAC,2313,71,.467,1.2,18.4 
24,CLE,990,55,.336,1.2,15.9 
25,BOS,2944,75,.226,1.8,12.7 
26,TOT,531,47,.378,0.1,23.4 
26,GSW,481,40,.356,0.1,23.0 
26,SAS,50,7,.545,0.0,26.8 
27,DAL,2934,80,.271,1.3,11.0 
28,NJN,1267,50,.142,3.1,15.5 
29,CHH,2743,81,.202,3.0,16.8 
30,GSW,1310,75,.290,0.4,21.1 
31,HOU,918,66,.184,2.2,15.7 
32,NJN,2207,68,.454,0.8,11.1 
33,MIN,91,11,.361,3.5,10.2 
34,TOT,1879,81,.277,1.2,10.9 
34,MIL,554,30,.274,0.8,11.8 
34,MIN,1325,51,.278,1.3,10.6 
35,SAS,1438,78,.364,2.2,17.2 
36,PHI,975,72,.207,2.4,11.2 
37,CLE,1339,75,.367,1.2,11.7 
38,UTA,1397,82,.578,1.1,16.9 
39,UTA,56,16,.071,0.0,17.2 
40,MIL,635,61,.272,2.5,18.1 
Rk,Tm,MP,G,FTr,STL%,TOV% 
41,NJN,128,16,.600,2.3,13.7 
42,POR,562,58,.327,1.5,12.5 
43,LAC,10,3,3.000,9.7,17.7 
44,LAL,75,18,.182,1.3,23.6 
45,NYK,33,13,.167,0.0,18.9 
46,SEA,2595,82,.329,1.5,11.3 
47,HOU,331,51,.368,1.6,26.6 
48,MIN,3164,82,.360,1.8,12.1 
49,NJN,21,5,.000,2.3,36.4 
50,TOT,1727,77,.413,0.9,12.8 
50,ATL,803,44,.411,0.9,15.6 
50,SAC,924,33,.414,0.8,11.3 
51,TOT,1721,76,.233,1.3,14.5 
51,NJN,1002,46,.264,0.9,12.4 
51,DEN,719,30,.198,1.8,16.9 
52,CHI,2160,71,.468,0.9,14.6 
53,ORL,2462,74,.422,0.7,11.7 
54,PHO,3046,81,.400,1.4,10.3 
55,CHH,1762,54,.208,1.3,9.0 
56,TOT,2519,81,.332,2.4,14.8 
56,SAS,1766,50,.304,2.3,14.3 
56,NYK,753,31,.409,2.7,16.1 
57,TOT,591,55,.505,2.1,14.3 
57,HOU,492,41,.489,2.2,15.6 
57,CLE,99,14,.571,1.5,8.7 
58,MIL,305,22,.423,1.1,18.4 
59,WSB,977,73,.320,2.3,10.1 
60,NJN,2355,82,.373,3.5,17.1 
Rk,Tm,MP,G,FTr,STL%,TOV% 
61,LAL,1851,80,.191,1.8,14.6 
62,POR,1176,79,.128,0.7,10.8 
63,PHI,110,23,.206,0.5,20.4 
64,MIN,3011,82,.193,3.1,10.9 
65,ORL,79,6,.069,1.2,21.1 
66,MIA,391,37,.233,1.5,15.4 
67,SAS,2821,81,.287,1.9,10.5 
68,CHH,1860,67,.105,2.6,8.8 
69,SEA,491,30,.275,1.2,11.2 
70,DAL,1300,45,.525,0.8,11.2 
71,CLE,1438,41,.564,1.0,14.8 
72,DAL,1292,73,.274,1.8,17.4 
73,CHI,429,53,.051,1.2,11.0 
74,MIA,884,63,.332,1.3,18.5 
75,DEN,1635,69,.220,1.6,8.3 
76,PHI,2865,81,.257,2.1,16.8 
77,SAC,1858,76,.241,1.7,13.5 
78,HOU,362,33,.275,2.5,23.2 
79,LAL,1611,82,.393,2.4,14.6 
80,DAL,2265,73,.445,0.5,17.2 
Rk,Tm,MP,G,FTr,STL%,TOV% 
81,MIA,2470,81,.348,2.8,18.5 
82,CHH,92,9,.296,3.2,18.7 
83,IND,307,49,.642,0.6,21.8 
84,LAL,1333,80,.157,1.8,18.8 
85,POR,2683,73,.317,2.5,11.0 
86,POR,2462,82,.272,0.7,11.8 
87,TOT,1356,64,.513,1.5,16.2 
87,CLE,684,37,.379,1.4,16.8 
87,NJN,672,27,.691,1.6,15.4 
88,DET,2578,75,.312,1.2,10.8 
89,MIL,43,5,.571,1.1,31.3 
90,DEN,657,65,.402,2.8,14.3 
91,WSB,1696,78,.298,1.4,11.9 
92,UTA,2281,82,.393,0.7,17.6 
93,UTA,1889,82,.360,2.0,18.9 
94,DET,2283,82,.381,0.5,10.9 
95,LAC,26,4,.429,1.9,10.7 
96,MIA,2211,78,.191,2.7,14.8 
97,CLE,2894,81,.197,2.2,13.6 
98,SAS,2032,81,.334,1.1,13.1 
99,SEA,2033,55,.233,1.5,9.6 
100,SAC,866,34,.311,0.9,17.9 
Rk,Tm,MP,G,FTr,STL%,TOV% 
101,DEN,2211,80,.142,1.1,6.3 
102,NYK,3165,82,.387,1.2,12.4 
103,SEA,400,38,.394,2.1,10.2 
104,ATL,29,14,.429,1.7,10.7 
105,IND,2876,82,.320,1.6,16.4 
106,HOU,2630,82,.289,1.7,18.4 
107,MIA,1762,77,.386,1.4,15.9 
108,PHI,81,9,.333,2.5,42.1 
109,BOS,990,71,.355,1.4,11.2 
110,TOT,1762,79,.213,2.1,20.1 
110,GSW,891,51,.219,2.4,20.4 
110,LAC,871,28,.207,1.7,19.8 
111,LAC,1721,73,.271,2.5,19.9 
112,CHH,941,63,.409,1.8,17.4 
113,NJN,339,21,.452,2.9,4.8 
114,TOT,2426,76,.446,1.4,14.0 
114,PHO,267,16,.463,1.1,10.5 
114,CHH,2159,60,.443,1.4,14.5 
115,PHI,2659,81,.235,0.8,8.1 
116,LAC,1529,44,.219,3.4,26.7 
117,PHO,678,67,.273,2.5,24.1 
118,WSB,1846,81,.228,1.4,11.4 
119,CHI,2753,80,.300,1.7,10.2 
120,TOT,560,58,.475,1.3,16.7 
120,CHH,466,39,.476,1.3,16.1 
120,NYK,94,19,.471,1.6,19.6 
Rk,Tm,MP,G,FTr,STL%,TOV% 
121,MIL,1427,71,.312,1.6,12.9 
122,LAL,2709,82,.459,1.2,10.7 
123,IND,927,69,.221,2.7,19.7 
124,ORL,1860,73,.313,1.2,13.6 
125,DET,205,37,.558,1.0,19.8 
126,UTA,1444,82,.120,2.4,9.9 
127,MIA,559,43,.115,1.1,12.6 
128,TOT,1084,67,.360,0.8,15.2 
128,CHI,58,11,.350,0.0,23.3 
128,NJN,1026,56,.361,0.8,14.6 
129,WSB,805,61,.332,0.7,12.0 
130,UTA,2174,81,.113,1.2,11.7 
131,DEN,1605,81,.462,2.2,15.4 
132,GSW,2663,79,.280,2.8,19.0 
133,DAL,3007,82,.271,3.2,13.7 
134,TOT,1367,35,.363,2.9,11.9 
134,CLE,262,7,.297,2.7,10.3 
134,LAC,1105,28,.381,2.9,12.3 
135,LAC,93,15,.100,3.6,10.7 
136,DET,166,40,.667,0.9,14.1 
137,PHI,2856,82,.384,2.3,12.2 
138,TOT,464,57,.138,1.7,17.2 
138,MIL,129,11,.077,3.0,22.9 
138,DET,335,46,.157,1.2,15.3 
139,TOT,50,11,1.250,1.9,7.5 
139,LAL,18,6,0.0,2.8,0.0 
139,DEN,32,5,1.000,1.4,8.0 
140,GSW,1993,82,.451,1.1,10.9 
Rk,Tm,MP,G,FTr,STL%,TOV% 
141,NJN,793,25,.346,0.9,13.6 
142,CHI,1055,63,.100,1.4,8.0 
143,CHH,109,16,.077,0.4,32.6 
144,CHH,135,10,.244,0.7,15.0 
145,NJN,2551,79,.313,1.9,11.9 
146,MIL,236,35,.387,1.0,16.2 
147,PHO,2278,67,.224,2.4,11.2 
148,WSB,374,45,.426,1.2,16.9 
149,DEN,892,60,.168,2.5,15.2 
150,MIL,2818,81,.284,2.7,11.8 
151,POR,488,50,.448,2.7,13.8 
152,NJN,160,28,.304,3.9,18.7 
153,NYK,2428,82,.220,2.2,20.4 
154,SAC,58,17,.545,4.3,22.7 
155,SEA,575,53,.282,2.3,23.1 
156,HOU,2832,82,.265,1.7,12.8 
157,BOS,2036,75,.295,1.9,17.9 
158,PHO,1811,64,.226,0.8,9.8 
159,UTA,272,48,.202,3.1,22.1 
160,PHO,2782,74,.516,1.6,15.6 
Rk,Tm,MP,G,FTr,STL%,TOV% 
161,LAL,2937,79,.560,2.2,16.9 
162,GSW,99,10,.531,0.0,20.2 
163,TOT,259,25,.380,0.6,22.4 
163,MIN,17,4,.000,0.0,75.0 
163,SEA,242,21,.389,0.6,19.2 
164,DET,1972,82,.253,1.8,12.5 
165,TOT,87,21,.271,1.6,10.0 
165,UTA,13,6,.182,0.0,7.8 
165,POR,74,15,.297,1.9,10.7 
166,DAL,650,66,.356,2.5,15.8 
167,SAS,885,72,.375,1.1,22.2 
168,WSB,2240,81,.568,1.1,24.7 
169,CHI,3197,82,.356,3.5,9.8 
170,SEA,1120,81,.375,2.1,17.8 
171,DEN,1061,71,.365,1.3,18.1 
172,CLE,1664,78,.169,1.4,13.8 
173,POR,2843,82,.359,2.0,10.3 
174,TOT,1615,80,.206,2.1,10.2 
174,CLE,892,48,.228,2.2,10.6 
174,CHH,723,32,.182,2.0,9.7 
175,DET,50,10,.125,4.1,19.2 
176,WSB,2687,82,.352,0.9,12.8 
177,CHI,1777,82,.504,1.1,15.5 
178,SAC,1515,71,.231,1.0,22.8 
179,BOS,1365,81,.272,0.5,13.5 
180,ATL,977,54,.622,1.9,22.5 
Rk,Tm,MP,G,FTr,STL%,TOV% 
181,MIL,438,57,.342,1.6,14.9 
182,MIL,381,16,.280,1.3,12.5 
183,DET,2675,81,.245,1.1,10.1 
184,DEN,956,67,.388,2.5,19.0 
185,PHO,1011,74,.563,1.0,15.9 
186,SAS,32,4,.286,3.0,11.3 
187,UTA,764,77,.491,1.0,18.9 
188,PHO,83,11,.207,1.1,11.2 
189,MIN,127,22,.452,1.2,17.7 
190,TOT,92,7,1.214,1.6,31.8 
190,UTA,6,1,0.0,0.0,63.0 
190,LAC,86,6,.929,1.7,26.2 
191,CHI,28,4,.000,0.0,20.0 
192,DEN,2832,79,.263,2.7,9.8 
193,ATL,1706,75,.288,1.6,9.3 
194,TOT,26,7,.286,1.9,20.2 
194,DET,6,4,.000,0.0,50.0 
194,CHH,20,3,.333,2.4,12.7 
195,BOS,2522,79,.291,1.7,8.9 
196,DEN,1326,79,.339,1.9,13.9 
197,GSW,40,3,.875,1.1,0.0 
198,TOT,123,21,.302,1.2,25.0 
198,PHI,10,2,.000,0.0,66.7 
198,HOU,113,19,.314,1.3,21.6 
199,TOT,1943,80,.155,1.5,13.3 
199,MIN,590,28,.129,1.3,17.4 
199,MIL,1353,52,.167,1.6,11.5 
200,MIA,1856,81,.453,2.3,17.9 
Rk,Tm,MP,G,FTr,STL%,TOV% 
201,ATL,1030,48,.143,2.2,15.5 
202,MIN,1744,80,.236,2.2,20.0 
203,HOU,938,49,.189,2.3,21.2 
204,PHI,2271,75,.406,1.0,12.3 
205,PHO,2244,73,.372,2.1,9.2 
206,WSB,2567,75,.184,0.9,6.8 
207,UTA,3122,82,.561,1.9,13.0 
208,ATL,2735,81,.586,0.9,14.6 
209,LAC,2269,71,.448,1.9,16.0 
210,ATL,162,24,.500,2.2,16.5 
211,GSW,1695,75,.724,2.5,15.7 
212,LAC,1351,69,.312,1.5,9.1 
213,NJN,108,21,.375,0.9,19.1 
214,ATL,13,1,.667,0.0,0.0 
215,TOT,1987,79,.337,2.0,16.6 
215,SAS,1118,49,.310,1.8,17.0 
215,HOU,869,30,.361,2.3,16.2 
216,DAL,62,10,.667,1.6,18.1 
217,LAL,65,13,.308,2.3,3.3 
218,IND,413,44,.132,2.3,19.1 
219,HOU,116,18,.655,1.2,21.1 
220,SAC,3238,82,.334,0.9,12.7 
Rk,Tm,MP,G,FTr,STL%,TOV% 
221,SEA,2432,69,.270,1.5,11.9 
222,PHO,280,14,.241,1.4,12.7 
223,BOS,2722,82,.373,0.5,11.7 
224,SEA,2748,80,.425,1.6,14.6 
225,LAC,104,7,.125,2.8,17.2 
226,SEA,2338,82,.349,3.0,27.0 
227,LAL,190,33,.465,0.5,16.9 
228,SEA,148,26,.523,1.4,14.3 
229,IND,3192,82,.487,1.7,12.4 
230,MIN,2414,80,.418,1.4,8.9 
231,CLE,449,38,.240,0.9,13.6 
232,SAS,516,53,.214,3.0,22.0 
233,NJN,2449,80,.297,2.6,13.3 
234,PHO,153,36,.441,0.6,22.1 
235,CLE,402,37,.385,2.3,21.3 
236,GSW,2830,78,.447,2.0,13.6 
237,MIN,2493,82,.368,1.6,8.7 
238,TOT,751,52,.444,2.3,22.0 
238,NYK,208,24,.689,3.5,23.5 
238,NJN,543,28,.383,1.8,21.6 
239,CLE,2065,62,.296,1.3,10.8 
240,IND,164,14,.710,0.3,10.9 
Rk,Tm,MP,G,FTr,STL%,TOV% 
241,CHI,503,46,.586,1.6,16.2 
242,HOU,9,3,.000,0.0,50.0 
243,NYK,2277,80,.380,2.0,13.5 
244,PHI,314,38,.330,0.6,10.3 
245,IND,109,20,.410,1.4,13.2 
246,LAC,2334,70,.255,1.6,15.3 
247,NYK,2196,61,.445,1.4,17.7 
248,HOU,3124,82,.333,2.6,14.6 
249,TOT,45,6,1.167,2.0,30.6 
249,ORL,36,3,1.667,2.6,36.6 
249,LAL,9,3,.667,0.0,20.5 
250,UTA,64,13,.119,1.6,10.2 
251,BOS,2396,79,.358,0.8,14.4 
252,SAS,181,28,.278,0.8,19.1 
253,BOS,1283,72,.213,1.3,10.5 
254,CHI,2365,82,.096,1.7,10.3 
255,PHI,216,35,.167,1.6,14.7 
256,CHI,884,77,.388,1.1,17.2 
257,DAL,2668,76,.480,1.7,12.2 
258,PHO,612,60,.462,1.6,16.7 
259,IND,2714,77,.217,1.0,11.1 
260,GSW,592,43,.518,1.3,17.2 
Rk,Tm,MP,G,FTr,STL%,TOV% 
261,POR,967,77,.375,1.1,16.2 
262,MIL,1709,59,.371,1.4,10.1 
263,BOS,1082,77,.478,1.5,15.7 
264,CHI,3148,82,.257,3.3,17.8 
265,SEA,1085,79,.343,1.2,9.5 
266,POR,2781,80,.487,2.5,17.2 
267,MIL,1400,57,.375,2.5,15.6 
268,SAC,1603,72,.249,1.8,12.3 
269,CLE,2706,73,.317,2.1,15.0 
270,NYK,193,31,.052,0.8,6.3 
271,TOT,1904,74,.340,2.5,19.5 
271,CHH,448,16,.474,3.5,17.1 
271,PHO,1456,58,.280,2.2,20.6 
272,DEN,1995,81,.150,0.9,7.3 
273,CHH,2757,82,.355,1.6,15.5 
274,TOT,1202,72,.192,1.5,8.5 
274,POR,85,12,.242,1.1,2.7 
274,CHH,1117,60,.188,1.6,8.9 
275,ORL,1817,67,.435,2.4,13.6 
276,MIA,2311,77,.116,1.4,9.1 
277,MIN,2581,82,.116,2.7,12.7 
278,GSW,2799,78,.364,1.6,11.9 
279,LAC,724,52,.396,2.1,27.6 
280,ATL,1526,48,.354,3.8,15.0 
Rk,Tm,MP,G,FTr,STL%,TOV% 
281,MIL,2235,82,.374,1.2,14.4 
282,MIL,2599,81,.281,3.9,17.0 
283,POR,1565,82,.334,1.6,13.0 
284,SAS,3002,82,.644,2.2,13.3 
285,DET,2377,82,.438,1.1,13.2 
286,CLE,674,48,.128,1.0,21.0 
287,WSB,412,42,.163,0.9,14.8 
288,MIN,1061,71,.479,2.5,14.3 
289,MIA,112,14,.813,0.4,18.7 
290,CHH,559,44,.464,1.6,10.4 
291,MIN,746,66,.773,2.3,19.2 
292,UTA,850,77,.205,1.3,23.8 
293,DET,1914,82,.598,1.4,15.8 
294,SAC,417,26,.178,1.7,19.6 
295,CHI,182,31,.100,1.1,26.4 
296,IND,1531,82,.157,1.4,13.4 
297,DEN,1194,53,.800,1.6,13.9 
298,IND,2573,78,.596,1.1,14.8 
299,LAL,2593,77,.208,1.5,10.0 
300,MIA,2409,74,.445,1.5,16.9 
Rk,Tm,MP,G,FTr,STL%,TOV% 
301,TOT,700,59,.287,1.2,13.9 
301,SEA,587,45,.308,0.9,13.1 
301,MIN,113,14,.214,2.8,16.4 
302,NJN,1557,70,.215,1.2,16.5 
303,GSW,51,14,.429,0.9,10.7 
304,NJN,2213,82,.249,1.4,10.1 
305,PHI,18,3,.000,2.8,33.3 
306,TOT,496,35,.176,1.6,14.0 
306,CHH,469,34,.151,1.7,14.8 
306,MIL,27,1,.667,0.0,0.0 
307,MIL,2250,71,.314,1.7,12.9 
308,ORL,1460,70,.256,1.1,14.8 
309,BOS,519,60,.571,3.3,17.8 
310,LAC,2732,78,.500,1.5,10.4 
311,PHI,1405,75,.362,1.2,12.5 
312,TOT,2421,79,.242,1.6,15.9 
312,SAC,1747,46,.216,1.6,15.5 
312,ATL,674,33,.319,1.6,16.8 
313,HOU,1300,74,.258,2.0,22.8 
314,BOS,620,65,.224,0.7,14.7 
315,ORL,1644,65,.314,2.1,11.2 
316,IND,2404,82,.307,0.9,11.5 
317,GSW,107,13,.250,1.7,25.3 
318,MIA,1756,82,.151,1.3,15.4 
319,UTA,2915,78,.471,3.5,19.7 
320,SAC,34,11,.222,0.0,23.3 
Rk,Tm,MP,G,FTr,STL%,TOV% 
321,TOT,2140,82,.368,2.9,16.2 
321,NYK,1019,51,.337,3.4,16.1 
321,SAS,1121,31,.400,2.5,16.3 
322,MIA,867,63,.143,1.4,11.9 
323,DAL,1648,45,.247,2.4,13.2 
324,NJN,114,17,.173,2.1,15.2 
325,GSW,37,10,2.667,0.0,27.7 
326,GSW,2376,82,.262,1.7,10.3 
327,ORL,2350,76,.376,1.2,14.1 
328,DET,2993,81,.285,2.4,17.8 
329,MIA,2142,79,.254,1.2,16.2 
330,IND,2126,82,.285,1.5,22.1 
331,LAL,1883,70,.363,0.9,10.8 
332,PHI,592,56,.455,1.7,20.7 
333,HOU,2947,82,.447,1.1,16.1 
334,SEA,1481,65,.262,2.2,10.3 
335,SAC,2937,79,.283,0.9,9.0 
336,GSW,1347,70,.545,0.8,12.6 
337,TOT,968,64,.332,1.7,20.3 
337,ATL,286,32,.347,1.8,20.2 
337,SAC,682,32,.326,1.7,20.4 
338,CHH,2404,79,.341,1.5,12.9 
339,NYK,1725,81,.142,2.1,10.2 
340,TOT,115,11,.105,3.4,23.2 
340,LAC,31,3,.000,1.6,23.5 
340,CHH,84,8,.160,4.1,23.0 
Rk,Tm,MP,G,FTr,STL%,TOV% 
341,SAC,315,36,.533,2.7,14.7 
342,ORL,1105,60,.175,1.0,15.5 
343,WSB,818,59,.340,0.9,15.8 
344,TOT,387,40,.253,3.2,14.3 
344,BOS,131,14,.154,0.7,22.4 
344,DAL,4,3,.000,0.0,0.0 
344,GSW,252,23,.298,4.5,11.3 
345,NYK,563,22,.208,1.3,9.3 
346,TOT,459,41,.268,2.0,13.9 
346,PHI,259,17,.352,1.9,10.3 
346,LAL,200,24,.154,2.0,18.6 
347,ORL,1657,63,.379,1.8,16.7 
348,CLE,4,1,.000,0.0,0.0 
349,ATL,937,72,.423,1.9,13.4 
350,DAL,3,1,0.0,0.0,0.0 
351,WSB,2883,81,.289,2.3,18.1 
352,NYK,1595,68,.451,1.0,11.5 
353,ATL,2184,82,.302,2.4,16.8 
354,TOT,198,27,.410,1.4,17.2 
354,SAS,56,13,.087,0.9,20.1 
354,GSW,142,14,.605,1.6,15.8 
355,DAL,814,60,.321,1.2,15.8 
356,MIN,378,52,.237,1.4,17.2 
357,PHO,2399,82,.543,0.7,16.1 
358,DAL,707,55,.353,1.7,13.9 
359,HOU,1852,66,.278,2.2,8.3 
360,ORL,638,40,.183,3.3,21.9 
Rk,Tm,MP,G,FTr,STL%,TOV% 
361,ATL,2888,80,.340,2.2,8.3 
362,NYK,972,79,.474,0.9,16.3 
363,NYK,2609,82,.251,1.8,14.5 
364,POR,2801,82,.541,1.2,15.3 
365,DAL,2199,81,.239,1.2,12.6 
366,CLE,2776,82,.411,1.6,10.2 
367,WSB,632,18,.307,1.6,12.1 
368,TOT,329,28,.387,3.3,19.2 
368,PHO,26,6,.200,0.0,31.5 
368,CHH,303,22,.404,3.6,17.9 
369,TOT,102,21,.333,1.5,12.7 
369,SAC,88,16,.429,1.7,15.3 
369,ATL,14,5,.000,0.0,0.0 
370,TOT,743,47,.201,2.1,10.9 
370,LAC,133,5,.368,3.3,12.0 
370,CLE,542,32,.172,2.1,11.1 
370,SAS,68,10,.143,0.7,8.2 
371,ATL,2273,81,.306,1.4,13.6 
372,SAS,1856,78,.228,2.3,19.0 
373,IND,544,61,.049,0.6,15.6 
374,LAC,1325,77,.181,1.1,15.4 
375,NJN,200,28,.327,1.5,12.5 
376,HOU,972,61,.212,2.1,10.0 
377,LAL,1421,62,.436,1.4,10.0 
378,ATL,16,6,.667,9.4,0.0 
379,LAL,2960,80,.244,1.7,10.0 
380,POR,1393,82,.341,2.8,17.5 
Rk,Tm,MP,G,FTr,STL%,TOV% 
