Rk,Tm,MP,G,FTr,STL%,TOV% 
1,TOR,342,29,.507,2.0,15.6 
2,CHA,713,52,.595,1.3,13.1 
3,ORL,2307,64,.246,0.9,12.1 
4,DAL,9,3,.000,0.0,0.0 
5,TOT,388,45,.250,0.7,20.6 
5,HOU,213,30,.209,0.7,23.0 
5,SAC,175,15,.297,0.6,17.7 
6,POR,2790,74,.264,1.2,8.9 
7,PHI,1669,79,.132,0.8,10.3 
8,MIA,2035,79,.243,1.7,12.5 
9,MEM,2109,79,.293,3.1,11.5 
10,NOH,2066,76,.289,2.4,17.8 
11,TOT,372,39,.444,2.3,16.4 
11,MIN,161,20,.526,2.2,19.0 
11,CHI,2,1,.000,0.0,0.0 
11,NOH,209,18,.381,2.3,14.0 
12,MIA,624,42,.756,1.4,12.8 
13,TOR,1495,65,.239,1.7,10.5 
14,TOT,401,39,.222,1.9,15.3 
14,SAS,94,10,.360,1.6,19.5 
14,HOU,307,29,.188,2.0,14.1 
15,NOH,2503,81,.161,0.9,7.5 
16,NYK,2482,67,.344,1.1,9.3 
17,MIA,566,62,.412,1.2,21.5 
18,WAS,1471,56,.211,2.5,14.6 
19,MEM,970,59,.128,1.3,10.2 
20,HOU,2464,82,.487,0.9,18.8 
Rk,Tm,MP,G,FTr,STL%,TOV% 
21,IND,1226,76,.337,1.5,16.8 
22,TOT,734,55,.299,1.5,19.9 
22,ORL,571,43,.304,1.2,21.1 
22,MIL,163,12,.286,2.8,16.0 
23,IND,369,37,.183,0.9,14.5 
24,POR,730,62,.056,1.0,8.4 
25,BOS,513,41,.212,1.7,9.1 
26,MIN,1713,74,.177,1.0,15.1 
27,TOR,1003,35,.181,1.1,10.5 
28,GSW,2058,81,.303,1.3,12.4 
29,LAC,2058,80,.173,2.1,11.0 
30,TOT,159,12,.137,1.6,16.9 
30,WAS,122,11,.135,2.1,20.3 
30,NYK,37,1,.143,0.0,6.3 
31,POR,894,73,.210,2.0,15.1 
32,BOS,2239,81,.255,1.0,10.9 
33,MIA,1786,72,.105,1.2,8.2 
34,POR,2807,73,.252,1.7,17.0 
35,MEM,1765,80,.196,1.8,15.1 
36,SAS,141,16,.333,0.4,21.0 
37,GSW,267,61,.379,3.2,11.7 
38,WAS,1745,56,.231,1.5,10.6 
39,PHO,1554,75,.164,1.0,14.9 
40,DAL,549,45,.216,1.8,14.6 
Rk,Tm,MP,G,FTr,STL%,TOV% 
41,CHI,1882,73,.275,1.3,10.7 
42,HOU,713,41,.217,2.6,17.5 
43,GSW,495,53,.619,1.5,34.4 
44,LAC,418,22,.364,1.5,14.5 
45,CHA,2186,80,.410,0.7,16.7 
46,SAS,851,61,.258,2.2,14.0 
47,LAL,1175,45,.130,1.5,17.8 
48,BRK,1555,82,.320,3.0,13.8 
49,LAC,1553,76,.236,3.7,17.9 
50,BRK,1408,74,.060,1.1,14.4 
51,GSW,786,32,.207,1.3,14.8 
52,SAS,909,68,.065,1.0,6.3 
53,WAS,887,48,.327,1.9,11.0 
54,CHI,2546,79,.232,1.4,12.3 
55,MIA,2454,74,.333,1.4,11.0 
56,BOS,1435,50,.103,2.3,12.6 
57,DAL,1527,72,.195,1.7,9.9 
58,DEN,2003,82,.245,3.0,9.4 
59,TOT,853,60,.197,2.7,7.7 
59,NYK,711,46,.223,2.6,6.8 
59,OKC,142,14,.000,3.3,14.8 
60,TOT,997,53,.165,1.5,16.5 
60,SAC,959,46,.172,1.5,16.2 
60,HOU,38,7,.000,1.3,23.5 
Rk,Tm,MP,G,FTr,STL%,TOV% 
61,BRK,912,73,.281,2.0,15.5 
62,PHI,269,22,.514,1.2,15.0 
63,PHO,1402,59,.219,2.2,10.6 
64,LAL,3013,78,.392,1.8,13.3 
65,MIN,508,23,.220,1.4,9.9 
66,UTA,1137,64,.332,1.6,14.3 
67,LAC,1879,78,.125,1.4,8.7 
68,CHI,2134,82,.455,2.0,9.2 
69,DET,1219,65,.243,2.0,17.3 
70,TOT,2160,73,.126,1.4,15.8 
70,TOR,1273,45,.131,1.2,15.1 
70,DET,887,28,.118,1.8,17.0 
71,NYK,250,24,.358,1.5,19.6 
72,UTA,1111,66,.302,2.8,8.5 
73,CHA,6,1,0.0,0.0,0.0 
74,DAL,2093,81,.261,1.8,10.0 
75,CLE,503,43,.256,2.6,11.0 
76,MIA,2068,77,.212,3.0,17.1 
77,NYK,2164,66,.645,1.0,14.5 
78,DEN,1079,43,.244,2.1,10.6 
79,BRK,100,14,.095,1.1,0.0 
80,LAL,1363,59,.197,1.3,12.9 
Rk,Tm,MP,G,FTr,STL%,TOV% 
81,POR,812,49,.159,1.7,17.5 
82,MIA,1590,80,.188,1.9,18.4 
83,TOT,384,38,1.103,1.6,29.5 
83,BOS,330,32,1.304,1.6,30.7 
83,WAS,54,6,.333,1.9,22.5 
84,DAL,2372,81,.380,2.2,17.0 
85,OKC,1583,81,.264,1.7,17.3 
86,MEM,2757,80,.300,3.4,15.1 
87,MIN,20,4,.222,0.0,0.0 
88,TOT,441,49,.072,0.9,8.0 
88,HOU,165,16,.051,1.8,9.0 
88,CHI,276,33,.083,0.4,7.4 
89,NYK,862,56,.218,1.0,10.7 
90,SAC,2289,75,.408,2.4,15.5 
91,LAC,2230,76,.244,1.9,11.5 
92,TOT,1709,70,.219,1.2,15.1 
92,WAS,1127,43,.209,1.2,14.9 
92,BOS,582,27,.244,1.1,15.5 
93,DAL,1353,78,.199,2.4,10.9 
94,MIN,2010,80,.154,2.2,7.3 
95,DAL,26,8,.143,2.0,11.8 
96,DAL,25,2,.500,0.0,23.5 
97,GSW,2983,78,.210,2.1,13.7 
98,MIL,765,47,.217,1.1,15.5 
99,MIL,1085,59,.154,2.4,10.7 
100,NOH,1846,64,.333,2.2,10.3 
Rk,Tm,MP,G,FTr,STL%,TOV% 
101,TOT,1631,81,.346,1.2,10.2 
101,TOR,1087,45,.301,1.2,10.5 
101,MEM,544,36,.455,1.3,9.5 
102,ORL,1064,34,.245,1.6,10.8 
103,TOT,676,55,.163,1.1,11.5 
103,DET,348,24,.186,0.8,11.0 
103,MEM,328,31,.144,1.5,11.9 
104,SAS,920,72,.183,2.3,23.7 
105,HOU,1689,67,.090,2.0,10.0 
106,CHI,2903,75,.258,1.5,10.6 
107,DAL,4,2,.000,0.0,0.0 
108,TOR,3013,82,.347,1.3,9.6 
109,SAS,1709,75,.196,1.6,18.9 
110,CHA,226,22,.037,1.2,22.6 
111,MEM,82,7,.333,0.7,17.2 
112,TOT,1289,71,.180,2.8,13.9 
112,HOU,913,49,.193,2.2,12.8 
112,SAC,376,22,.140,4.2,17.1 
113,DAL,63,6,.714,1.6,5.2 
114,PHO,2581,77,.360,2.5,16.8 
115,DET,1243,60,.465,2.5,12.2 
116,PHO,2170,79,.242,1.8,12.0 
117,LAL,820,46,.106,1.2,23.7 
118,SAS,2078,69,.307,1.2,11.7 
119,MIL,1943,75,.205,1.0,11.7 
120,OKC,3119,81,.523,1.9,13.7 
Rk,Tm,MP,G,FTr,STL%,TOV% 
121,LAL,197,19,.192,0.8,12.2 
122,TOT,1661,78,.142,1.4,9.2 
122,MEM,676,40,.080,1.3,10.4 
122,CLE,985,38,.179,1.5,8.5 
123,MIL,3076,82,.260,2.8,13.7 
124,DET,407,41,.259,2.1,13.2 
125,UTA,215,37,.750,2.0,12.0 
126,BRK,1967,80,.851,2.0,23.6 
127,SAC,2016,65,.354,2.3,12.6 
128,GSW,1120,78,.479,1.0,23.5 
129,DEN,2248,80,.386,1.8,12.3 
130,UTA,1787,77,.458,2.0,15.9 
131,NYK,2313,68,.145,2.2,14.2 
132,TOR,1037,51,.238,1.6,14.6 
133,TOT,575,33,.236,1.7,14.4 
133,DAL,229,9,.354,1.1,19.3 
133,OKC,346,24,.156,2.1,10.5 
134,DEN,428,38,.257,2.2,15.9 
135,UTA,2249,82,.195,1.5,10.3 
136,SAC,967,69,.242,1.6,13.1 
137,POR,477,51,.190,1.4,11.0 
138,DEN,2309,71,.400,1.4,9.8 
139,TOT,1029,58,.070,2.3,9.4 
139,SAC,710,40,.068,2.3,8.7 
139,HOU,319,18,.074,2.2,10.9 
140,BOS,2022,68,.236,2.0,10.5 
Rk,Tm,MP,G,FTr,STL%,TOV% 
141,PHO,149,19,.204,3.4,23.1 
142,MEM,2796,80,.364,1.6,13.5 
143,LAL,1655,49,.307,0.7,13.7 
144,TOT,2687,75,.235,2.3,12.5 
144,MEM,1541,42,.227,2.0,12.1 
144,TOR,1146,33,.246,2.6,13.1 
145,CLE,2541,82,.276,2.2,13.7 
146,MIN,644,36,.173,1.3,9.7 
147,IND,2972,79,.233,2.6,15.2 
148,CLE,919,46,.150,1.7,10.5 
149,CHI,1459,65,.297,1.0,13.2 
150,SAS,1393,60,.382,2.9,17.3 
151,MIL,151,16,.262,1.7,11.7 
152,CHA,1560,75,.167,1.2,14.3 
153,NOH,1264,42,.380,1.9,14.6 
154,PHO,1876,61,.244,1.1,13.6 
155,LAL,6,1,.000,0.0,0.0 
156,IND,74,5,.229,1.4,9.4 
157,TOR,513,42,.489,0.7,24.8 
158,SAS,2201,80,.119,2.1,11.9 
159,GSW,1061,79,.214,2.0,15.4 
160,IND,1080,60,.153,0.9,10.5 
Rk,Tm,MP,G,FTr,STL%,TOV% 
161,BOS,2252,81,.329,1.3,12.5 
162,LAC,1188,72,.083,1.3,7.2 
163,LAC,2598,80,.397,2.0,12.8 
164,TOT,322,30,.329,1.0,24.8 
164,MEM,87,13,.095,0.6,15.5 
164,PHO,235,17,.410,1.1,27.3 
165,DEN,397,40,.129,1.9,8.2 
166,CHI,1088,50,.162,1.2,14.2 
167,IND,200,28,.600,1.9,24.0 
168,IND,1366,81,.737,1.1,12.6 
169,HOU,2985,78,.592,2.4,14.9 
170,ORL,1974,76,.227,2.3,10.0 
171,MIA,31,6,.222,1.7,23.3 
172,ORL,119,10,.070,1.8,10.6 
173,ATL,1421,58,.348,2.3,14.7 
174,TOT,137,20,.370,0.8,35.1 
174,MIA,29,7,1.000,0.0,25.8 
174,NOH,108,13,.105,1.0,39.5 
175,TOT,1299,55,.268,1.3,10.3 
175,MIL,325,28,.226,1.2,12.5 
175,ORL,974,27,.280,1.3,9.7 
176,MIA,1414,75,.179,1.1,14.2 
177,PHI,2233,82,.194,0.6,13.0 
178,SAC,1209,74,.253,1.3,17.2 
179,UTA,2104,72,.380,1.5,11.7 
180,MIN,31,4,.600,3.3,0.0 
Rk,Tm,MP,G,FTr,STL%,TOV% 
181,CHA,1162,61,.306,0.7,16.9 
182,CHA,2133,68,.366,1.7,9.8 
183,NOH,625,50,.571,1.4,13.3 
184,MIL,827,63,.313,1.2,11.0 
185,IND,2269,79,.261,0.9,14.5 
186,POR,2323,80,.360,1.1,14.4 
187,CHA,32,6,.105,4.9,0.0 
188,WAS,1659,61,.453,1.7,16.3 
189,IND,2620,76,.245,1.6,10.7 
190,LAC,437,29,.245,1.3,18.7 
191,LAL,458,29,.394,0.9,12.5 
192,CHI,1764,60,.232,1.9,17.5 
193,PHI,2926,78,.188,2.2,17.3 
194,PHI,142,9,.167,1.1,14.9 
195,LAC,663,60,.772,0.5,22.4 
196,SAC,32,9,.182,0.0,29.6 
197,ATL,2756,74,.196,1.5,11.3 
198,LAL,2722,76,.887,1.6,16.6 
199,MIN,207,11,.156,2.5,10.8 
200,MIA,51,7,.053,0.0,17.1 
Rk,Tm,MP,G,FTr,STL%,TOV% 
201,BRK,1191,65,.397,0.7,13.5 
202,OKC,2486,80,.246,0.6,12.7 
203,DEN,2779,80,.307,2.5,17.1 
204,MIL,2012,73,.196,1.7,7.9 
205,CLE,2048,59,.271,2.3,13.8 
206,PHI,698,53,.111,1.7,11.7 
207,GSW,2349,79,.231,1.3,14.3 
208,OKC,993,70,.191,1.5,13.1 
209,SAS,1075,55,.212,1.8,17.6 
210,DAL,457,46,.398,1.3,12.9 
211,BRK,0,2,0.0,0.0,0.0 
212,MIA,2877,76,.395,2.4,12.4 
213,DAL,862,45,.107,1.5,16.2 
214,LAL,1636,76,.237,0.9,7.7 
215,UTA,2578,78,.176,1.6,7.3 
216,GSW,568,56,.390,1.3,12.6 
217,POR,350,38,.426,0.9,21.0 
218,TOT,441,59,.182,1.8,13.8 
218,GSW,291,47,.217,1.6,17.3 
218,PHI,150,12,.105,2.1,4.8 
219,ATL,902,61,.238,0.7,11.0 
220,MIL,2897,80,.225,2.2,12.9 
Rk,Tm,MP,G,FTr,STL%,TOV% 
221,DET,892,49,.278,2.3,10.6 
222,TOR,2325,81,.309,1.8,14.5 
223,MIN,284,30,.453,1.3,12.6 
224,MEM,102,8,.080,2.1,10.4 
225,ATL,1035,69,.368,2.8,14.7 
226,SAC,878,54,.237,2.4,17.9 
227,BRK,2642,72,.153,1.0,9.9 
228,IND,619,51,.178,0.9,13.0 
229,PHO,953,50,.088,1.2,10.4 
230,LAL,6,4,.000,0.0,0.0 
231,TOT,1016,78,.509,1.1,12.3 
231,DAL,635,50,.586,0.8,11.1 
231,ATL,381,28,.378,1.6,14.3 
232,ORL,803,63,.234,1.2,11.1 
233,DAL,338,29,.486,2.1,22.3 
234,MIA,221,38,.066,0.5,4.6 
235,CLE,334,32,.140,1.4,6.6 
236,OKC,280,38,.152,0.9,12.4 
237,NYK,26,2,.000,0.0,75.0 
238,HOU,276,19,.181,2.2,11.4 
239,LAC,2010,82,.510,1.3,14.3 
240,SAS,388,28,.191,2.0,15.0 
Rk,Tm,MP,G,FTr,STL%,TOV% 
241,TOT,54,10,.571,3.0,10.2 
241,BOS,24,6,.364,0.0,13.6 
241,BRK,30,4,1.333,5.4,0.0 
242,DAL,1363,66,.138,1.1,13.6 
243,UTA,1078,70,.309,1.4,19.0 
244,NYK,2043,76,.117,3.3,15.0 
245,CHA,2025,78,.305,1.4,12.7 
246,MIN,2034,64,.446,2.4,15.1 
247,TOR,376,20,.264,0.6,8.0 
248,DET,2365,75,.256,1.3,17.3 
249,ATL,2259,74,.130,1.6,9.9 
250,DEN,1817,81,.205,1.2,8.7 
251,DET,224,25,.804,1.2,18.4 
252,TOT,577,47,.209,1.2,12.7 
252,MIL,280,23,.158,1.3,13.6 
252,ORL,297,24,.279,1.1,11.6 
253,OKC,147,23,.206,0.7,7.5 
254,GSW,1876,81,.453,0.9,13.7 
255,DEN,2513,73,.320,2.1,14.1 
256,BOS,1941,78,.136,2.4,13.0 
257,GSW,2907,79,.276,1.2,13.7 
258,MIN,289,16,.263,2.1,10.5 
259,SAS,1810,58,.240,2.7,9.6 
260,POR,1206,69,.321,0.5,13.4 
Rk,Tm,MP,G,FTr,STL%,TOV% 
261,TOT,187,28,.250,1.7,12.2 
261,CLE,91,9,.214,1.1,14.0 
261,MEM,96,19,.292,2.3,10.0 
262,MIA,792,55,.181,1.4,10.9 
263,OKC,290,39,.383,3.2,20.3 
264,POR,3167,82,.249,1.2,14.5 
265,HOU,2640,82,.307,2.5,18.8 
266,TOT,1455,66,.283,1.7,16.3 
266,WAS,320,17,.227,1.8,19.0 
266,CLE,1135,49,.296,1.7,15.7 
267,BRK,2253,74,.358,0.8,9.4 
268,NOH,2136,82,.288,0.8,12.0 
269,MIN,618,18,.477,1.1,9.8 
270,TOR,2020,68,.384,2.5,17.7 
271,TOR,827,63,.075,1.5,7.0 
272,HOU,21,6,.333,4.8,53.8 
273,TOT,416,31,.127,1.9,20.4 
273,WAS,141,7,.050,2.2,16.4 
273,PHI,7,4,.000,0.0,50.0 
273,ATL,268,20,.167,1.7,21.0 
274,DET,257,18,.632,1.2,14.9 
275,IND,1322,80,.520,1.6,18.5 
276,DAL,2010,67,.146,1.9,12.3 
277,PHO,702,48,.093,1.6,26.6 
278,WAS,694,41,.111,1.4,10.8 
279,NYK,431,18,.430,2.0,12.6 
280,OKC,2136,77,.316,1.7,10.2 
Rk,Tm,MP,G,FTr,STL%,TOV% 
281,NOH,1219,69,.141,1.2,13.6 
282,POR,2403,69,.231,2.0,10.9 
283,DET,1789,72,.317,0.9,13.5 
284,TOT,963,64,.221,1.2,20.4 
284,OKC,391,37,.183,1.3,20.0 
284,POR,572,27,.247,1.1,20.7 
285,DAL,2913,82,.227,1.6,15.7 
286,MIL,1326,58,.334,1.6,13.9 
287,DEN,1433,79,.353,1.1,12.9 
288,TOT,387,26,.179,1.8,16.6 
288,TOR,230,15,.188,1.2,16.8 
288,NOH,145,9,.095,3.0,18.6 
288,IND,12,2,.667,0.0,0.0 
289,TOT,1487,67,.248,1.1,14.8 
289,ORL,685,41,.196,0.8,14.4 
289,CHA,802,26,.289,1.4,15.1 
290,LAL,1663,78,.181,1.8,8.3 
291,BOS,36,6,.667,2.9,11.4 
292,DET,475,27,.227,1.7,6.6 
293,CLE,1364,65,.174,1.9,9.5 
294,BOS,5,1,.000,0.0,66.7 
295,DEN,2151,82,.307,1.7,19.3 
296,NOH,694,52,.074,1.3,17.1 
297,MIA,900,59,.048,1.2,12.9 
298,DEN,26,7,.167,1.9,7.2 
299,SAS,656,58,.079,2.0,13.5 
300,UTA,2375,78,.407,2.3,11.8 
Rk,Tm,MP,G,FTr,STL%,TOV% 
301,CHI,693,63,.261,1.6,10.7 
302,DET,2687,81,.371,2.1,16.0 
303,ORL,1682,75,.099,1.6,14.4 
304,LAL,683,48,.197,1.6,18.1 
305,TOT,1524,77,.222,1.5,11.8 
305,HOU,1154,54,.188,1.2,10.9 
305,PHO,370,23,.333,2.5,14.2 
306,PHO,1837,82,.194,2.2,12.8 
307,TOT,383,41,.152,1.8,4.9 
307,ATL,301,24,.162,2.1,3.3 
307,DAL,82,17,.118,0.6,10.1 
308,HOU,538,44,.239,0.6,13.6 
309,PHI,542,47,.209,1.7,11.5 
310,DEN,366,41,.299,0.8,20.3 
311,CHA,1428,53,.176,1.2,10.9 
312,UTA,52,17,.000,1.0,9.7 
313,DAL,256,14,.180,2.0,9.6 
314,LAL,1627,50,.244,0.9,19.3 
315,SAS,1484,68,.124,1.0,9.9 
316,ORL,1977,56,.131,1.9,15.7 
317,ORL,1249,75,.193,1.0,13.0 
318,CHI,2426,66,.376,1.7,19.3 
319,NYK,1641,81,.077,0.9,2.6 
320,DAL,1661,53,.265,1.2,7.9 
Rk,Tm,MP,G,FTr,STL%,TOV% 
321,PHO,1029,55,.310,0.9,14.8 
322,ORL,638,57,.228,0.9,14.6 
323,LAC,1616,82,.115,2.2,18.3 
324,HOU,12,3,.333,4.2,53.8 
325,WAS,2052,79,.278,1.1,12.2 
326,OKC,104,13,.654,2.0,10.7 
327,SAC,444,38,.294,1.3,8.7 
328,ATL,1134,52,.427,1.6,19.6 
329,TOT,507,32,.061,1.9,15.8 
329,WAS,102,7,.063,0.0,19.6 
329,ATL,113,7,.053,1.4,11.4 
329,CHA,292,18,.063,2.7,16.1 
330,TOT,655,39,.248,1.0,15.3 
330,CLE,447,25,.219,1.4,15.3 
330,PHI,208,14,.333,0.3,15.3 
331,SAS,2174,66,.332,1.3,13.0 
332,HOU,2758,76,.165,1.4,12.7 
333,TOT,1775,71,.101,0.9,8.6 
333,HOU,1219,47,.108,0.7,8.1 
333,SAC,556,24,.083,1.2,9.8 
334,LAC,2335,70,.377,3.8,13.7 
335,POR,528,39,.050,2.4,10.3 
336,MIN,1959,62,.437,1.1,10.3 
337,OKC,1954,78,.230,1.1,24.0 
338,ATL,352,31,.109,1.5,17.2 
339,BOS,2575,77,.387,1.7,14.3 
340,TOR,386,19,.184,1.7,13.1 
Rk,Tm,MP,G,FTr,STL%,TOV% 
341,TOT,32,11,.273,0.0,19.6 
341,MIA,12,4,.000,0.0,28.6 
341,MEM,20,7,.500,0.0,12.0 
342,IND,55,14,.190,0.0,11.6 
343,MEM,1243,59,.251,1.5,11.2 
344,WAS,1278,57,.150,1.3,12.7 
345,POR,510,39,.200,2.7,20.7 
346,NYK,1263,78,.114,2.9,27.1 
347,TOT,2631,82,.159,1.0,9.2 
347,DET,1457,45,.192,0.8,9.3 
347,MEM,1174,37,.110,1.2,9.0 
348,MIL,68,12,.500,0.7,45.0 
349,CLE,78,7,.125,2.0,26.2 
350,CHI,144,25,.070,3.0,13.6 
351,DEN,329,39,.395,2.9,21.7 
352,BOS,198,16,.563,2.1,14.3 
353,MEM,2607,76,.293,1.3,11.5 
354,TOT,2379,78,.216,0.8,12.5 
354,ORL,1575,50,.222,1.0,14.1 
354,MIL,804,28,.205,0.6,9.2 
355,PHI,936,33,.098,2.3,6.9 
356,NYK,29,1,.182,0.0,14.4 
357,MIN,2474,82,.202,1.7,12.8 
358,NOH,1418,61,.277,1.0,14.5 
359,NOH,1324,78,.151,1.5,11.5 
360,CHI,2086,82,.183,2.2,12.6 
Rk,Tm,MP,G,FTr,STL%,TOV% 
361,TOT,1056,70,.340,2.0,19.3 
361,SAC,809,51,.292,1.6,19.2 
361,HOU,247,19,.487,3.2,19.5 
362,BOS,1423,38,.200,2.6,22.6 
363,TOR,1239,73,.092,1.8,9.2 
364,MIN,122,5,.286,1.3,15.1 
365,MIN,1691,57,.514,4.2,21.4 
366,GSW,25,2,.333,0.0,22.5 
367,LAL,203,32,.229,0.0,15.9 
368,SAC,2278,76,.180,1.1,11.4 
369,CLE,196,18,.400,0.8,7.8 
370,MIL,1937,71,.225,1.4,11.6 
371,PHO,2184,82,.251,1.6,11.0 
372,ATL,376,40,.381,0.6,10.9 
373,OKC,2229,81,.148,2.4,11.4 
374,MEM,59,10,.500,1.8,20.7 
375,WAS,1721,79,.123,0.7,14.7 
376,CHA,1652,61,.513,1.5,11.2 
377,BRK,93,19,.696,1.7,26.8 
378,NYK,996,45,.171,2.3,11.1 
379,MIN,1840,77,.236,1.5,17.3 
380,NOH,5,2,.000,0.0,25.0 
Rk,Tm,MP,G,FTr,STL%,TOV% 
381,DET,2293,82,.193,1.3,12.3 
382,WAS,924,57,.290,2.1,14.2 
383,TOT,263,23,.321,1.0,13.6 
383,CLE,257,20,.321,1.0,12.7 
383,NOH,6,3,0.0,0.0,100.0 
384,HOU,1110,70,.474,0.8,11.0 
385,TOT,516,52,.044,2.1,18.6 
385,ORL,378,36,.060,1.8,18.5 
385,MIL,138,16,.000,2.9,18.9 
386,NYK,2678,80,.249,2.0,8.8 
387,NOH,876,51,.299,0.9,12.5 
388,ATL,2683,76,.272,1.8,14.6 
389,POR,288,40,.246,1.3,18.7 
390,TOT,1300,79,.300,1.0,10.8 
390,MEM,579,40,.271,0.9,11.2 
390,CLE,721,39,.320,1.0,10.5 
391,SAS,1997,81,.506,1.6,12.7 
392,BRK,544,37,.134,0.7,11.6 
393,IND,2278,78,.192,1.9,14.4 
394,ATL,1158,56,.088,1.3,7.8 
395,MIN,1209,76,.248,1.9,16.1 
396,DEN,28,4,2.000,1.8,34.7 
397,NYK,682,29,.487,0.8,13.4 
398,DET,2171,76,.364,1.2,13.4 
399,BOS,892,45,.280,1.3,10.3 
400,LAC,7,2,.000,0.0,0.0 
Rk,Tm,MP,G,FTr,STL%,TOV% 
401,CHA,1507,77,.258,1.6,9.7 
402,BRK,221,38,.310,3.2,20.2 
403,ATL,2628,80,.232,2.3,17.6 
404,CHI,392,48,.142,1.2,22.6 
405,BRK,499,53,.059,1.4,9.5 
406,TOT,980,59,.223,2.0,15.9 
406,PHO,795,46,.231,1.8,16.3 
406,TOR,185,13,.194,2.6,14.1 
407,WAS,1156,51,.143,2.3,18.2 
408,BOS,2124,79,.202,1.6,12.6 
409,OKC,770,66,.500,2.0,24.1 
410,SAC,2122,79,.345,1.6,12.7 
411,NYK,392,39,.157,1.4,8.3 
412,NOH,646,59,.557,0.9,9.6 
413,TOT,57,12,.800,1.9,18.2 
413,GSW,21,5,4.000,0.0,26.6 
413,CHI,36,7,.444,3.0,15.7 
414,CHA,360,26,.228,2.0,10.2 
415,SAC,2285,82,.277,1.1,10.8 
416,GSW,2936,82,.130,1.5,11.0 
417,CLE,2564,82,.364,1.2,11.7 
418,SAC,1726,72,.163,1.8,7.6 
419,UTA,1221,66,.111,2.8,30.2 
420,ATL,963,62,.236,0.8,13.1 
Rk,Tm,MP,G,FTr,STL%,TOV% 
421,PHO,1910,79,.194,1.7,12.2 
422,LAC,701,65,.649,1.4,18.9 
423,ORL,189,11,.113,1.9,17.7 
424,PHI,2892,82,.198,1.3,14.0 
425,TOT,68,21,.250,0.7,18.4 
425,GSW,63,20,.250,0.8,18.4 
425,ATL,5,1,0.0,0.0,0.0 
426,MIL,1312,76,.442,1.5,11.8 
427,TOT,1457,66,.216,1.5,17.2 
427,MIL,719,39,.139,1.1,17.3 
427,ORL,738,27,.294,1.8,17.0 
428,TOR,1482,62,.505,0.6,17.4 
429,CLE,901,25,.353,2.1,11.6 
430,TOT,58,13,.571,0.9,40.7 
430,BOS,18,5,1.000,2.9,14.8 
430,MIA,40,8,.000,0.0,62.5 
431,NOH,2685,78,.152,1.3,18.6 
432,WAS,601,51,.342,1.3,17.1 
433,DET,1092,69,.106,1.5,7.4 
434,ORL,2559,77,.142,1.2,13.0 
435,MIA,2391,69,.389,2.8,13.2 
436,CLE,1756,61,.261,1.7,11.8 
437,CHA,2859,82,.298,2.9,12.4 
438,WAS,1602,49,.416,2.1,15.3 
439,BRK,2076,69,.415,2.5,16.9 
440,NYK,296,21,.141,2.3,6.2 
Rk,Tm,MP,G,FTr,STL%,TOV% 
441,CLE,857,50,.110,2.5,24.0 
442,TOT,489,28,.533,1.4,12.5 
442,NOH,7,1,1.000,7.7,0.0 
442,CHA,482,27,.528,1.3,12.6 
443,BRK,1521,80,.198,2.3,12.1 
444,UTA,829,48,.208,2.5,34.5 
445,TOT,202,27,.216,1.6,13.5 
445,PHI,165,21,.208,1.0,14.2 
445,LAC,37,6,.250,4.3,10.1 
446,WAS,2200,76,.311,1.2,11.1 
447,IND,2435,73,.312,1.6,12.0 
448,OKC,2861,82,.375,2.6,13.2 
449,BOS,86,12,.391,0.6,6.9 
450,NYK,435,57,.164,1.6,12.0 
451,BOS,830,61,.379,2.0,16.0 
452,PHI,1095,61,.345,1.8,11.9 
453,BRK,2842,78,.328,1.4,14.5 
454,MIN,1916,78,.346,1.2,10.0 
455,ATL,1119,39,.273,2.0,13.0 
456,UTA,1727,73,.211,1.1,10.5 
457,UTA,1418,46,.159,1.7,18.0 
458,CHA,380,40,.159,1.7,11.9 
459,BOS,318,24,.216,1.8,17.2 
460,LAL,2530,75,.205,2.5,9.8 
Rk,Tm,MP,G,FTr,STL%,TOV% 
461,DAL,1149,64,.238,1.2,7.1 
462,DAL,4,3,.000,0.0,33.3 
463,PHI,1783,79,.235,1.8,8.8 
464,MEM,272,35,.337,1.6,22.7 
465,PHI,1411,59,.236,1.3,7.7 
466,IND,693,56,.291,1.2,16.5 
467,PHI,2629,76,.196,2.7,8.0 
468,PHO,58,16,.000,0.0,0.0 
