3435 .318 2661 
3645 .366 2153 
3382 .261 2254 
3349 .240 2554 
3594 .354 2717 
3744 .271 2568 
3544 .231 2602 
3551 .319 2526 
3465 .275 2355 
3454 .297 2170 
3311 .224 2515 
3740 .367 2550 
3457 .323 2549 
3374 .323 2607 
3329 .333 2362 
3335 .259 2617 
3575 .242 2499 
3650 .289 2928 
3522 .251 2479 
3532 .290 2292 
3593 .335 2571 
3485 .310 2389 
3356 .197 2531 
3443 .301 2441 
3599 .384 2300 
3434 .230 2221 
3313 .378 2438 
3413 .293 2510 
3770 .342 2289 
3461 .287 2612 
3463 .292 2204 
3465 .237 2483 
3436 .336 1982 
3190 .249 2305 
3576 .297 2480 
3366 .324 2364 
3208 .301 2308 
3363 .316 2306 
3214 .323 2731 
3551 .331 2200 
3661 .308 2701 
3458 .320 2324 
3706 .323 2412 
3544 .346 2442 
3484 .319 2404 
3355 .210 2476 
